0	0	0	3.977446e-01
0	0	1	8.253653e-01
0	0	2	2.996165e-01
0	0	3	7.348063e-01
0	0	4	5.171363e-01
0	0	5	8.941690e-01
0	0	6	2.526246e-01
0	0	7	4.181901e-01
0	0	8	1.684646e-01
0	0	9	6.499522e-01
0	1	0	2.778168e-01
0	1	1	5.824631e-01
0	1	2	5.084212e-01
0	1	3	1.306558e-01
0	1	4	6.610783e-01
0	1	5	1.058772e-01
0	1	6	4.889387e-01
0	1	7	2.161943e-01
0	1	8	7.922423e-01
0	1	9	6.180586e-01
0	2	0	8.246032e-01
0	2	1	2.832225e-01
0	2	2	4.156390e-02
0	2	3	6.151723e-01
0	2	4	2.297019e-02
0	2	5	1.082378e-01
0	2	6	4.278776e-01
0	2	7	7.557169e-01
0	2	8	9.115737e-01
0	2	9	2.432340e-01
0	3	0	2.555176e-01
0	3	1	3.093184e-01
0	3	2	6.859930e-02
0	3	3	5.551341e-01
0	3	4	4.412470e-02
0	3	5	5.857356e-01
0	3	6	4.493031e-01
0	3	7	2.967493e-01
0	3	8	3.925709e-03
0	3	9	6.177677e-01
0	4	0	9.467015e-01
0	4	1	2.817425e-01
0	4	2	2.002308e-01
0	4	3	4.551227e-01
0	4	4	4.123983e-01
0	4	5	8.613091e-01
0	4	6	5.609999e-01
0	4	7	9.013370e-01
0	4	8	7.750345e-02
0	4	9	3.532422e-01
0	5	0	5.193956e-01
0	5	1	9.021067e-01
0	5	2	6.364648e-01
0	5	3	5.609595e-01
0	5	4	5.172790e-01
0	5	5	6.594349e-01
0	5	6	6.691973e-01
0	5	7	9.451566e-01
0	5	8	4.151519e-01
0	5	9	5.807711e-01
0	6	0	1.883906e-01
0	6	1	6.706695e-01
0	6	2	8.900894e-01
0	6	3	2.569899e-01
0	6	4	2.258036e-01
0	6	5	9.342141e-01
0	6	6	8.427255e-01
0	6	7	6.751066e-01
0	6	8	2.309634e-01
0	6	9	8.466512e-01
0	7	0	2.928744e-01
0	7	1	1.776650e-01
0	7	2	1.283937e-01
0	7	3	4.931051e-01
0	7	4	6.327877e-01
0	7	5	5.407920e-01
0	7	6	3.544143e-01
0	7	7	1.937876e-01
0	7	8	4.421290e-01
0	7	9	4.319177e-01
0	8	0	5.470298e-01
0	8	1	9.615246e-01
0	8	2	3.340244e-01
0	8	3	1.834946e-01
0	8	4	5.224841e-01
0	8	5	8.513033e-01
0	8	6	8.429295e-01
0	8	7	1.916814e-01
0	8	8	7.964599e-01
0	8	9	2.580814e-01
0	9	0	7.724525e-01
0	9	1	9.848505e-01
0	9	2	9.287508e-01
0	9	3	6.625419e-01
0	9	4	2.418404e-01
0	9	5	1.545544e-01
0	9	6	5.967561e-01
0	9	7	8.456587e-02
0	9	8	8.296610e-01
0	9	9	8.277195e-01
1	0	0	9.312171e-01
1	0	1	1.225354e-01
1	0	2	5.384482e-03
1	0	3	5.961076e-02
1	0	4	6.156406e-01
1	0	5	6.381721e-01
1	0	6	6.004027e-01
1	0	7	9.700548e-01
1	0	8	8.319597e-01
1	0	9	4.253175e-02
1	1	0	4.019725e-01
1	1	1	3.789895e-01
1	1	2	4.056357e-03
1	1	3	7.359969e-01
1	1	4	5.624841e-01
1	1	5	5.265405e-01
1	1	6	5.873003e-01
1	1	7	4.054136e-01
1	1	8	7.182219e-01
1	1	9	3.837602e-01
1	2	0	6.634950e-01
1	2	1	4.906744e-01
1	2	2	3.686107e-01
1	2	3	5.922458e-01
1	2	4	1.532163e-01
1	2	5	6.104510e-01
1	2	6	7.468002e-01
1	2	7	7.499724e-01
1	2	8	6.950169e-01
1	2	9	5.764613e-01
1	3	0	5.776919e-01
1	3	1	6.262340e-01
1	3	2	6.989967e-01
1	3	3	5.830764e-01
1	3	4	6.858447e-01
1	3	5	3.146372e-01
1	3	6	2.212485e-01
1	3	7	2.862475e-01
1	3	8	2.846921e-01
1	3	9	5.320820e-02
1	4	0	3.287792e-01
1	4	1	6.866646e-01
1	4	2	4.321977e-01
1	4	3	3.328356e-01
1	4	4	4.226615e-01
1	4	5	9.946818e-01
1	4	6	8.593761e-01
1	4	7	9.961780e-03
1	4	8	4.000954e-01
1	4	9	5.775979e-01
1	5	0	3.937219e-01
1	5	1	6.359037e-02
1	5	2	6.827233e-02
1	5	3	7.623326e-01
1	5	4	6.558362e-01
1	5	5	2.214886e-01
1	5	6	3.727837e-01
1	5	7	4.026364e-01
1	5	8	9.714610e-01
1	5	9	6.780057e-02
1	6	0	9.790977e-01
1	6	1	5.491529e-01
1	6	2	6.940346e-01
1	6	3	6.780943e-01
1	6	4	1.322292e-01
1	6	5	3.798793e-01
1	6	6	9.927316e-01
1	6	7	3.534777e-01
1	6	8	6.661268e-01
1	6	9	2.774236e-01
1	7	0	4.066859e-01
1	7	1	9.949060e-01
1	7	2	9.640882e-01
1	7	3	8.388837e-01
1	7	4	3.277416e-01
1	7	5	3.867497e-01
1	7	6	8.335655e-01
1	7	7	1.871177e-01
1	7	8	3.967115e-01
1	7	9	2.336609e-01
1	8	0	7.647156e-01
1	8	1	7.904334e-01
1	8	2	2.972512e-01
1	8	3	8.329879e-01
1	8	4	5.527661e-01
1	8	5	9.530874e-01
1	8	6	5.447658e-02
1	8	7	9.255497e-01
1	8	8	3.557238e-01
1	8	9	2.593759e-02
1	9	0	9.933503e-01
1	9	1	3.348215e-01
1	9	2	5.750905e-01
1	9	3	6.873848e-01
1	9	4	1.291581e-02
1	9	5	7.073197e-01
1	9	6	6.726413e-02
1	9	7	5.647384e-03
1	9	8	6.079746e-02
1	9	9	7.333909e-01
2	0	0	2.830710e-01
2	0	1	4.674834e-01
2	0	2	7.282969e-01
2	0	3	2.471592e-01
2	0	4	3.063671e-01
2	0	5	5.603853e-02
2	0	6	6.339089e-01
2	0	7	1.399325e-01
2	0	8	2.431562e-01
2	0	9	3.062044e-02
2	1	0	3.735934e-01
2	1	1	7.871804e-03
2	1	2	8.210539e-01
2	1	3	6.708447e-01
2	1	4	8.408597e-01
2	1	5	3.738199e-01
2	1	6	6.239321e-01
2	1	7	8.953363e-01
2	1	8	2.993696e-01
2	1	9	9.796559e-01
2	2	0	9.212739e-01
2	2	1	2.927199e-01
2	2	2	3.144774e-01
2	2	3	4.963644e-01
2	2	4	9.801048e-01
2	2	5	3.273932e-01
2	2	6	2.036841e-01
2	2	7	4.736888e-02
2	2	8	3.330406e-01
2	2	9	2.644816e-01
2	3	0	7.807598e-01
2	3	1	6.161116e-01
2	3	2	7.319650e-01
2	3	3	5.090567e-01
2	3	4	8.632708e-01
2	3	5	3.833204e-02
2	3	6	5.650953e-01
2	3	7	4.971798e-01
2	3	8	1.782646e-01
2	3	9	8.082514e-01
2	4	0	5.278002e-01
2	4	1	5.518580e-01
2	4	2	8.161233e-01
2	4	3	3.488541e-01
2	4	4	2.227027e-01
2	4	5	6.569830e-01
2	4	6	7.226740e-01
2	4	7	8.466347e-01
2	4	8	5.523193e-01
2	4	9	2.204367e-02
2	5	0	8.262907e-01
2	5	1	4.735932e-01
2	5	2	3.147636e-01
2	5	3	1.407681e-01
2	5	4	9.699576e-01
2	5	5	2.948683e-01
2	5	6	4.681613e-01
2	5	7	1.736417e-01
2	5	8	3.422372e-01
2	5	9	8.012018e-01
2	6	0	4.381233e-01
2	6	1	1.229970e-01
2	6	2	4.173134e-01
2	6	3	1.700883e-01
2	6	4	6.320537e-01
2	6	5	2.805843e-01
2	6	6	2.084203e-01
2	6	7	1.971490e-01
2	6	8	7.777640e-01
2	6	9	3.866849e-01
2	7	0	5.400444e-03
2	7	1	3.055642e-01
2	7	2	9.385429e-01
2	7	3	8.215237e-01
2	7	4	6.544183e-01
2	7	5	1.612456e-01
2	7	6	4.785067e-01
2	7	7	3.770923e-01
2	7	8	7.880299e-03
2	7	9	3.082601e-02
2	8	0	3.991360e-01
2	8	1	8.341710e-01
2	8	2	5.044192e-01
2	8	3	7.138996e-01
2	8	4	9.749390e-01
2	8	5	4.743769e-01
2	8	6	8.767935e-03
2	8	7	4.431003e-01
2	8	8	6.480186e-01
2	8	9	3.510052e-01
2	9	0	2.443021e-01
2	9	1	8.614188e-02
2	9	2	4.740022e-01
2	9	3	6.616156e-01
2	9	4	2.562301e-01
2	9	5	1.060559e-01
2	9	6	9.421998e-01
2	9	7	4.646505e-01
2	9	8	3.032049e-01
2	9	9	7.199639e-01
3	0	0	8.513353e-01
3	0	1	3.086054e-01
3	0	2	2.552808e-02
3	0	3	7.898782e-01
3	0	4	1.301291e-01
3	0	5	6.799464e-01
3	0	6	9.511238e-01
3	0	7	6.086358e-01
3	0	8	5.703871e-02
3	0	9	9.590041e-01
3	1	0	6.394618e-01
3	1	1	4.561747e-01
3	1	2	7.931750e-01
3	1	3	1.438810e-01
3	1	4	1.700743e-01
3	1	5	7.681141e-01
3	1	6	6.182579e-01
3	1	7	1.788422e-01
3	1	8	2.112143e-01
3	1	9	2.662765e-01
3	2	0	5.298474e-01
3	2	1	4.555165e-01
3	2	2	3.524183e-01
3	2	3	3.849579e-03
3	2	4	1.171320e-01
3	2	5	6.086485e-01
3	2	6	1.099055e-01
3	2	7	5.933189e-02
3	2	8	7.329894e-02
3	2	9	4.131104e-01
3	3	0	7.792958e-01
3	3	1	9.246343e-01
3	3	2	7.217158e-01
3	3	3	8.048238e-01
3	3	4	7.145125e-01
3	3	5	8.518449e-01
3	3	6	4.847702e-01
3	3	7	6.656363e-01
3	3	8	4.604807e-01
3	3	9	5.418089e-01
3	4	0	6.246404e-01
3	4	1	9.994243e-02
3	4	2	9.979836e-01
3	4	3	4.178154e-01
3	4	4	2.438234e-01
3	4	5	1.680579e-01
3	4	6	1.859295e-01
3	4	7	8.620813e-01
3	4	8	3.469001e-01
3	4	9	3.971439e-01
3	5	0	1.283578e-01
3	5	1	8.767475e-01
3	5	2	8.526603e-01
3	5	3	4.807761e-01
3	5	4	8.805971e-01
3	5	5	9.697924e-01
3	5	6	8.942459e-02
3	5	7	9.905026e-01
3	5	8	2.912426e-02
3	5	9	1.627235e-01
3	6	0	4.036131e-01
3	6	1	8.084200e-01
3	6	2	8.735781e-02
3	6	3	1.253289e-01
3	6	4	6.132439e-01
3	6	5	8.018703e-01
3	6	6	9.771738e-01
3	6	7	9.801409e-02
3	6	8	4.675066e-01
3	6	9	4.376544e-01
3	7	0	6.398230e-01
3	7	1	9.214703e-02
3	7	2	5.375969e-01
3	7	3	6.378067e-01
3	7	4	5.099625e-01
3	7	5	7.814203e-01
3	7	6	8.058646e-01
3	7	7	6.958920e-01
3	7	8	6.435016e-01
3	7	9	1.527647e-01
3	8	0	9.303584e-02
3	8	1	7.718594e-01
3	8	2	2.951223e-02
3	8	3	9.456962e-01
3	8	4	2.526355e-01
3	8	5	9.101093e-01
3	8	6	9.154885e-01
3	8	7	3.420601e-01
3	8	8	9.006120e-01
3	8	9	9.446128e-01
3	9	0	5.047836e-01
3	9	1	3.042250e-01
3	9	2	7.530328e-01
3	9	3	5.921414e-01
3	9	4	4.295539e-01
3	9	5	3.662767e-01
3	9	6	3.940118e-01
3	9	7	4.067277e-01
3	9	8	4.642908e-01
3	9	9	8.615184e-01
4	0	0	8.443821e-01
4	0	1	1.041138e-01
4	0	2	9.536654e-01
4	0	3	3.819789e-01
4	0	4	7.419204e-01
4	0	5	4.636279e-01
4	0	6	1.633992e-01
4	0	7	5.477850e-01
4	0	8	1.595199e-01
4	0	9	8.069008e-01
4	1	0	7.005497e-01
4	1	1	2.525557e-01
4	1	2	5.787602e-01
4	1	3	7.300619e-01
4	1	4	1.982519e-01
4	1	5	8.313957e-01
4	1	6	6.401713e-01
4	1	7	1.137404e-01
4	1	8	1.734558e-01
4	1	9	5.407832e-01
4	2	0	5.835322e-02
4	2	1	6.782394e-01
4	2	2	8.450083e-01
4	2	3	8.113860e-01
4	2	4	2.703808e-01
4	2	5	2.745622e-01
4	2	6	1.776627e-01
4	2	7	6.643926e-01
4	2	8	6.812898e-01
4	2	9	6.419535e-01
4	3	0	5.259110e-01
4	3	1	5.256719e-01
4	3	2	7.460673e-01
4	3	3	4.795764e-01
4	3	4	9.076509e-01
4	3	5	4.879877e-01
4	3	6	9.432043e-01
4	3	7	7.105008e-02
4	3	8	3.577275e-02
4	3	9	1.027242e-01
4	4	0	8.779509e-01
4	4	1	7.363225e-01
4	4	2	3.552799e-01
4	4	3	4.567111e-01
4	4	4	4.663844e-01
4	4	5	5.535318e-01
4	4	6	2.881069e-01
4	4	7	1.065557e-01
4	4	8	6.672722e-01
4	4	9	4.615627e-01
4	5	0	6.473389e-01
4	5	1	7.256254e-01
4	5	2	1.398021e-01
4	5	3	4.923472e-01
4	5	4	5.370114e-01
4	5	5	4.101829e-01
4	5	6	7.669094e-01
4	5	7	7.146742e-01
4	5	8	7.457552e-02
4	5	9	4.481992e-01
4	6	0	3.566277e-01
4	6	1	6.004865e-01
4	6	2	9.738711e-01
4	6	3	1.026950e-01
4	6	4	8.006289e-02
4	6	5	8.815219e-01
4	6	6	5.906827e-01
4	6	7	2.326719e-02
4	6	8	9.525720e-01
4	6	9	6.264555e-01
4	7	0	1.259914e-01
4	7	1	8.305230e-01
4	7	2	3.627779e-01
4	7	3	4.812712e-01
4	7	4	2.872341e-01
4	7	5	8.291624e-01
4	7	6	3.480299e-02
4	7	7	5.753410e-01
4	7	8	9.357181e-01
4	7	9	7.020752e-01
4	8	0	3.690363e-02
4	8	1	5.830570e-01
4	8	2	4.277005e-01
4	8	3	1.767057e-01
4	8	4	7.540423e-02
4	8	5	9.647120e-01
4	8	6	5.868886e-01
4	8	7	8.423136e-01
4	8	8	6.793862e-01
4	8	9	6.614641e-01
4	9	0	2.905128e-01
4	9	1	3.601383e-02
4	9	2	2.619506e-01
4	9	3	2.643839e-01
4	9	4	1.387088e-01
4	9	5	3.420135e-01
4	9	6	1.459058e-01
4	9	7	7.293915e-01
4	9	8	3.652807e-01
4	9	9	9.847786e-02
5	0	0	3.558470e-01
5	0	1	4.912721e-01
5	0	2	9.290008e-01
5	0	3	7.186249e-01
5	0	4	9.725433e-01
5	0	5	2.162349e-01
5	0	6	5.477873e-01
5	0	7	7.346292e-03
5	0	8	7.915759e-01
5	0	9	4.835054e-01
5	1	0	7.094214e-01
5	1	1	8.284795e-01
5	1	2	6.656239e-02
5	1	3	1.371220e-01
5	1	4	5.185213e-03
5	1	5	1.419666e-01
5	1	6	1.018340e-01
5	1	7	5.920738e-01
5	1	8	9.842802e-01
5	1	9	7.812201e-01
5	2	0	2.535380e-01
5	2	1	2.747930e-01
5	2	2	8.172340e-01
5	2	3	5.154886e-01
5	2	4	5.391769e-01
5	2	5	9.559428e-01
5	2	6	8.575022e-01
5	2	7	6.850827e-01
5	2	8	6.853343e-01
5	2	9	2.227829e-01
5	3	0	7.835605e-01
5	3	1	4.118127e-02
5	3	2	7.140550e-01
5	3	3	7.125614e-01
5	3	4	7.598062e-01
5	3	5	6.865983e-01
5	3	6	9.287963e-01
5	3	7	3.075935e-01
5	3	8	6.939446e-01
5	3	9	7.203721e-01
5	4	0	7.910989e-01
5	4	1	4.033660e-01
5	4	2	5.488516e-01
5	4	3	8.576613e-01
5	4	4	5.404880e-01
5	4	5	5.540369e-01
5	4	6	9.996279e-01
5	4	7	6.423220e-01
5	4	8	1.461107e-01
5	4	9	9.839081e-01
5	5	0	4.235421e-01
5	5	1	3.996487e-01
5	5	2	2.587011e-01
5	5	3	2.407761e-01
5	5	4	9.151373e-01
5	5	5	7.978780e-01
5	5	6	1.967189e-01
5	5	7	7.726395e-01
5	5	8	4.829606e-01
5	5	9	8.820531e-01
5	6	0	9.954224e-01
5	6	1	2.665212e-01
5	6	2	9.232344e-01
5	6	3	7.094774e-01
5	6	4	9.790825e-01
5	6	5	6.830406e-01
5	6	6	3.960757e-01
5	6	7	9.078788e-01
5	6	8	9.906341e-01
5	6	9	9.002029e-02
5	7	0	6.282509e-01
5	7	1	7.817330e-01
5	7	2	4.933863e-01
5	7	3	1.771026e-01
5	7	4	6.393943e-01
5	7	5	3.387435e-02
5	7	6	7.311394e-01
5	7	7	6.390222e-01
5	7	8	6.761964e-01
5	7	9	8.772501e-01
5	8	0	6.229303e-01
5	8	1	9.973850e-02
5	8	2	2.768988e-01
5	8	3	8.816314e-01
5	8	4	3.405146e-01
5	8	5	1.920362e-01
5	8	6	6.795094e-01
5	8	7	5.372335e-01
5	8	8	9.646757e-01
5	8	9	1.624700e-01
5	9	0	4.192866e-01
5	9	1	9.600981e-01
5	9	2	4.289912e-01
5	9	3	3.425210e-01
5	9	4	6.695755e-01
5	9	5	4.080737e-01
5	9	6	2.556167e-02
5	9	7	6.565122e-02
5	9	8	3.159525e-01
5	9	9	1.619582e-02
6	0	0	1.556715e-01
6	0	1	9.442035e-01
6	0	2	7.979288e-01
6	0	3	6.490578e-01
6	0	4	1.213061e-01
6	0	5	4.373232e-01
6	0	6	6.829322e-01
6	0	7	8.524455e-01
6	0	8	7.634537e-02
6	0	9	3.591285e-01
6	1	0	7.296956e-01
6	1	1	6.992757e-01
6	1	2	4.588670e-01
6	1	3	6.594435e-03
6	1	4	5.809071e-01
6	1	5	7.993816e-01
6	1	6	1.986306e-01
6	1	7	2.604165e-01
6	1	8	3.366151e-01
6	1	9	1.633063e-01
6	2	0	4.228865e-01
6	2	1	7.559017e-01
6	2	2	1.234044e-01
6	2	3	8.518777e-01
6	2	4	9.842276e-02
6	2	5	7.929799e-01
6	2	6	2.599514e-01
6	2	7	1.239844e-01
6	2	8	8.586311e-01
6	2	9	5.759040e-01
6	3	0	1.401803e-01
6	3	1	1.430262e-02
6	3	2	5.201075e-01
6	3	3	9.381091e-01
6	3	4	6.633604e-01
6	3	5	6.414135e-01
6	3	6	3.754323e-01
6	3	7	3.462926e-01
6	3	8	4.938590e-01
6	3	9	4.517776e-01
6	4	0	7.054211e-01
6	4	1	2.235546e-01
6	4	2	1.510533e-01
6	4	3	1.642882e-01
6	4	4	2.301491e-01
6	4	5	7.319604e-01
6	4	6	9.636698e-01
6	4	7	4.287797e-01
6	4	8	9.923769e-01
6	4	9	3.002849e-01
6	5	0	5.920859e-01
6	5	1	4.152634e-01
6	5	2	5.618662e-02
6	5	3	7.154903e-01
6	5	4	2.671410e-01
6	5	5	1.546094e-01
6	5	6	5.084702e-01
6	5	7	5.270925e-01
6	5	8	2.785938e-01
6	5	9	3.671013e-01
6	6	0	1.029964e-01
6	6	1	4.187741e-01
6	6	2	3.814039e-01
6	6	3	6.231039e-01
6	6	4	3.568832e-01
6	6	5	4.476437e-02
6	6	6	2.645174e-01
6	6	7	7.323154e-01
6	6	8	3.910570e-01
6	6	9	7.583765e-01
6	7	0	1.840931e-01
6	7	1	9.647812e-02
6	7	2	9.819311e-01
6	7	3	3.351464e-01
6	7	4	2.607663e-01
6	7	5	2.120802e-01
6	7	6	6.710676e-02
6	7	7	2.244361e-01
6	7	8	6.408598e-01
6	7	9	5.948363e-02
6	8	0	5.247210e-01
6	8	1	2.329458e-01
6	8	2	4.747470e-01
6	8	3	5.809076e-01
6	8	4	9.484361e-01
6	8	5	7.418880e-01
6	8	6	7.355170e-01
6	8	7	4.569063e-01
6	8	8	2.689805e-01
6	8	9	1.411081e-02
6	9	0	8.240076e-01
6	9	1	3.719769e-01
6	9	2	4.328849e-01
6	9	3	2.054115e-01
6	9	4	9.950808e-01
6	9	5	7.897681e-01
6	9	6	2.501759e-01
6	9	7	2.595983e-01
6	9	8	5.220835e-01
6	9	9	6.412329e-01
7	0	0	1.797475e-02
7	0	1	7.061766e-01
7	0	2	7.377110e-01
7	0	3	9.999059e-01
7	0	4	4.132292e-02
7	0	5	9.984773e-01
7	0	6	2.119860e-01
7	0	7	1.084297e-01
7	0	8	2.229134e-01
7	0	9	8.528459e-01
7	1	0	1.679133e-01
7	1	1	7.476343e-01
7	1	2	8.579165e-02
7	1	3	6.426603e-01
7	1	4	3.285419e-01
7	1	5	3.422774e-02
7	1	6	3.845483e-01
7	1	7	6.405891e-02
7	1	8	4.911340e-01
7	1	9	6.535288e-01
7	2	0	7.816973e-02
7	2	1	3.151416e-01
7	2	2	2.550571e-02
7	2	3	5.110546e-01
7	2	4	5.205532e-01
7	2	5	2.058655e-02
7	2	6	3.008227e-01
7	2	7	7.707291e-01
7	2	8	2.801848e-01
7	2	9	8.229062e-01
7	3	0	4.119620e-01
7	3	1	2.981596e-01
7	3	2	5.290827e-01
7	3	3	1.496730e-01
7	3	4	2.980654e-01
7	3	5	5.704057e-01
7	3	6	1.481503e-01
7	3	7	5.100515e-01
7	3	8	6.788353e-01
7	3	9	3.710637e-01
7	4	0	3.628973e-01
7	4	1	8.467486e-01
7	4	2	1.186980e-01
7	4	3	4.486890e-01
7	4	4	4.894089e-01
7	4	5	4.472399e-01
7	4	6	4.829167e-01
7	4	7	8.739572e-01
7	4	8	5.112988e-01
7	4	9	9.740507e-01
7	5	0	5.274860e-01
7	5	1	5.894686e-01
7	5	2	2.891924e-01
7	5	3	5.529917e-01
7	5	4	1.005232e-01
7	5	5	8.097456e-01
7	5	6	5.735783e-01
7	5	7	4.013459e-01
7	5	8	5.804747e-01
7	5	9	8.537631e-01
7	6	0	2.242520e-01
7	6	1	9.924367e-01
7	6	2	1.519227e-01
7	6	3	7.533348e-01
7	6	4	1.421097e-01
7	6	5	4.499881e-01
7	6	6	3.237404e-01
7	6	7	2.902600e-01
7	6	8	9.600396e-01
7	6	9	2.575786e-03
7	7	0	6.613236e-01
7	7	1	3.229369e-01
7	7	2	8.493244e-01
7	7	3	7.800216e-01
7	7	4	7.716259e-01
7	7	5	3.387334e-01
7	7	6	2.272615e-01
7	7	7	2.545426e-01
7	7	8	2.126906e-01
7	7	9	7.385603e-01
7	8	0	2.285934e-01
7	8	1	7.401766e-01
7	8	2	3.280289e-01
7	8	3	5.177857e-01
7	8	4	2.931684e-01
7	8	5	4.285521e-01
7	8	6	3.275313e-01
7	8	7	8.667467e-01
7	8	8	8.298979e-01
7	8	9	9.080060e-01
7	9	0	7.205098e-01
7	9	1	5.414997e-02
7	9	2	9.004426e-01
7	9	3	8.724325e-01
7	9	4	8.074848e-01
7	9	5	4.255230e-02
7	9	6	3.224206e-01
7	9	7	1.312252e-01
7	9	8	3.328123e-01
7	9	9	2.824602e-01
8	0	0	1.338010e-01
8	0	1	9.941359e-01
8	0	2	6.053972e-01
8	0	3	9.831254e-01
8	0	4	7.741575e-01
8	0	5	3.770230e-01
8	0	6	3.218588e-01
8	0	7	1.418967e-03
8	0	8	6.315657e-01
8	0	9	5.345494e-01
8	1	0	7.399793e-01
8	1	1	8.601590e-01
8	1	2	2.747260e-01
8	1	3	6.800820e-02
8	1	4	3.779447e-01
8	1	5	5.678944e-01
8	1	6	4.965603e-01
8	1	7	7.054760e-01
8	1	8	4.346411e-01
8	1	9	3.264582e-01
8	2	0	6.134820e-01
8	2	1	1.551509e-01
8	2	2	3.806082e-01
8	2	3	5.139247e-01
8	2	4	2.758336e-02
8	2	5	1.880929e-01
8	2	6	5.564770e-01
8	2	7	3.500040e-01
8	2	8	3.193181e-01
8	2	9	8.892892e-01
8	3	0	6.324642e-01
8	3	1	4.531191e-01
8	3	2	8.834251e-01
8	3	3	2.378614e-01
8	3	4	4.362446e-01
8	3	5	6.575825e-01
8	3	6	6.148844e-01
8	3	7	7.581034e-01
8	3	8	6.590015e-01
8	3	9	2.464501e-01
8	4	0	2.926528e-01
8	4	1	3.989808e-01
8	4	2	1.066091e-01
8	4	3	5.673788e-01
8	4	4	4.669890e-01
8	4	5	4.845538e-01
8	4	6	1.352732e-01
8	4	7	9.635493e-01
8	4	8	1.900299e-01
8	4	9	5.699143e-01
8	5	0	2.900075e-01
8	5	1	8.035119e-01
8	5	2	7.250651e-01
8	5	3	6.706156e-01
8	5	4	3.174366e-01
8	5	5	7.526485e-01
8	5	6	8.587085e-01
8	5	7	8.739135e-01
8	5	8	1.026525e-01
8	5	9	1.780267e-01
8	6	0	7.632027e-01
8	6	1	7.351167e-01
8	6	2	6.311458e-01
8	6	3	6.466278e-01
8	6	4	9.729781e-01
8	6	5	6.739035e-02
8	6	6	3.042104e-01
8	6	7	5.878625e-01
8	6	8	8.254937e-01
8	6	9	9.632119e-01
8	7	0	8.343126e-01
8	7	1	1.181465e-01
8	7	2	3.621927e-01
8	7	3	9.409217e-01
8	7	4	6.855252e-01
8	7	5	8.291817e-01
8	7	6	4.254755e-01
8	7	7	8.207984e-01
8	7	8	7.927309e-01
8	7	9	6.155054e-01
8	8	0	3.907127e-01
8	8	1	8.273840e-02
8	8	2	4.190173e-01
8	8	3	1.157778e-01
8	8	4	7.533540e-01
8	8	5	7.364539e-01
8	8	6	8.684263e-01
8	8	7	6.120626e-01
8	8	8	6.103674e-01
8	8	9	9.710788e-01
8	9	0	7.900892e-01
8	9	1	3.735702e-01
8	9	2	7.061955e-01
8	9	3	4.212350e-01
8	9	4	2.019799e-02
8	9	5	6.791736e-01
8	9	6	4.886254e-01
8	9	7	3.244083e-01
8	9	8	2.670361e-01
8	9	9	3.141191e-01
9	0	0	2.876202e-01
9	0	1	1.013487e-01
9	0	2	4.322655e-01
9	0	3	6.498129e-01
9	0	4	4.227037e-02
9	0	5	1.177908e-01
9	0	6	4.789946e-01
9	0	7	4.677459e-01
9	0	8	9.385892e-01
9	0	9	2.717255e-01
9	1	0	8.325134e-02
9	1	1	3.293019e-01
9	1	2	3.544639e-01
9	1	3	5.022687e-01
9	1	4	4.450797e-01
9	1	5	1.078179e-01
9	1	6	2.387226e-01
9	1	7	3.135060e-01
9	1	8	7.198805e-01
9	1	9	8.490900e-01
9	2	0	2.845848e-01
9	2	1	5.099697e-01
9	2	2	2.226602e-01
9	2	3	9.907803e-01
9	2	4	9.312047e-01
9	2	5	2.428582e-01
9	2	6	6.699538e-01
9	2	7	4.198301e-01
9	2	8	5.672665e-01
9	2	9	9.369899e-01
9	3	0	7.339492e-01
9	3	1	8.548867e-01
9	3	2	3.833856e-02
9	3	3	1.662147e-01
9	3	4	5.046996e-01
9	3	5	8.060893e-02
9	3	6	2.840055e-01
9	3	7	9.836942e-01
9	3	8	5.483548e-01
9	3	9	2.225948e-01
9	4	0	2.554197e-01
9	4	1	6.316062e-01
9	4	2	5.518967e-01
9	4	3	6.098836e-01
9	4	4	1.338749e-01
9	4	5	9.969764e-01
9	4	6	7.177016e-01
9	4	7	3.725974e-01
9	4	8	3.104824e-01
9	4	9	4.375821e-01
9	5	0	2.216874e-01
9	5	1	5.950672e-01
9	5	2	9.475518e-01
9	5	3	4.443476e-01
9	5	4	5.858475e-01
9	5	5	8.787566e-01
9	5	6	6.872058e-01
9	5	7	2.558013e-01
9	5	8	2.985867e-01
9	5	9	2.544723e-01
9	6	0	1.927912e-01
9	6	1	3.253588e-02
9	6	2	1.093590e-01
9	6	3	2.311298e-01
9	6	4	1.987506e-01
9	6	5	6.140586e-01
9	6	6	3.117387e-01
9	6	7	4.827561e-01
9	6	8	5.977528e-01
9	6	9	8.600935e-01
9	7	0	7.053509e-01
9	7	1	8.531725e-01
9	7	2	4.916997e-01
9	7	3	2.572476e-01
9	7	4	4.630561e-01
9	7	5	6.255746e-01
9	7	6	2.542240e-01
9	7	7	1.807577e-01
9	7	8	9.981720e-01
9	7	9	5.647064e-01
9	8	0	6.183398e-01
9	8	1	2.198594e-01
9	8	2	1.597737e-01
9	8	3	5.658916e-01
9	8	4	6.642070e-01
9	8	5	7.456212e-01
9	8	6	4.446481e-01
9	8	7	3.514128e-01
9	8	8	1.422493e-03
9	8	9	7.432348e-01
9	9	0	6.058851e-01
9	9	1	1.942137e-01
9	9	2	7.757707e-01
9	9	3	7.152441e-01
9	9	4	4.253434e-01
9	9	5	9.745213e-01
9	9	6	3.293027e-01
9	9	7	7.370821e-01
9	9	8	4.572775e-01
9	9	9	9.270554e-01
