2.302449e-01	-2.669573e-02	-1.557701e-01	-1.028694e-01	-1.686014e-02	2.552009e-02	-1.334207e-01	-1.329104e-02	1.702279e-01	3.044975e-02	
6.527121e-01	-3.638440e-01	-2.740920e-01	3.980748e-01	-2.362393e-01	-2.881507e-01	8.970354e-02	1.566107e-01	-1.107546e-01	4.276750e-02	
-5.283166e-02	1.096175e-01	9.618734e-02	-7.302238e-02	-1.749910e-02	-2.508172e-01	1.582301e-01	1.004800e-01	-6.596881e-02	8.647832e-02	
-1.474920e-01	1.731455e-01	-3.188137e-02	-3.717230e-02	4.946834e-02	1.637909e-01	8.816376e-02	-1.568610e-01	8.543276e-02	-1.789323e-01	
1.729798e-02	-2.928767e-01	8.210255e-02	-5.752496e-01	3.513257e-01	-6.419500e-01	6.627237e-01	3.544048e-02	1.524077e-01	4.347991e-01	
3.353324e-01	-1.667054e-01	-1.242897e-01	9.774124e-02	-6.058304e-01	7.639919e-01	-5.336984e-01	3.522457e-01	1.752340e-01	-4.133709e-01	
3.255066e-01	1.138425e+00	1.532751e-01	2.948184e-01	-5.309400e-01	-1.951409e-01	-4.972656e-01	-3.196045e-01	-5.854894e-01	2.838714e-01	
-2.350313e-02	-2.081996e-02	7.457402e-03	2.146385e-01	2.905693e-02	-1.800642e-01	-8.972868e-02	6.776269e-02	4.608001e-02	-1.142631e-02	
2.577885e-01	-4.517479e-01	-1.735129e-01	-3.989122e-01	2.985756e-01	-6.548494e-01	5.711260e-01	-2.400915e-01	1.185113e+00	-3.147596e-01	
-3.942781e-02	3.426419e-02	4.470482e-01	1.049491e+00	-7.451442e-01	4.321168e-01	-7.160731e-01	4.296667e-01	-9.143660e-01	-2.242790e-03	
-2.795141e-02	1.199934e-02	-1.536325e-01	5.646023e-01	1.819140e-01	5.771707e-02	-1.820168e-01	5.498300e-02	-4.709532e-01	-1.707375e-02	
-1.816219e-02	4.413691e-02	1.244598e-02	-4.728724e-02	2.913637e-02	-1.050944e-02	8.508707e-03	1.056922e-02	-1.353321e-02	3.472298e-02	
1.840847e-01	-9.261219e-03	-4.774077e-02	-2.185433e-02	2.394467e-01	-2.410265e-01	4.152364e-01	-2.028503e-01	-1.158533e-02	-2.213637e-01	
-1.367196e-02	4.752916e-03	6.502049e-02	8.161340e-03	-8.356913e-02	-1.396165e-02	-1.768686e-02	-1.572581e-02	2.848204e-02	8.167815e-02	
1.496068e-01	-1.455836e-01	1.628073e-02	-1.053325e-02	-4.870049e-02	-4.052558e-02	-5.372482e-03	1.250123e-02	7.337471e-02	1.541924e-02	
-9.836500e-02	7.860772e-02	7.541475e-02	4.878667e-02	3.772780e-02	6.274570e-02	3.507827e-02	-1.008602e-01	3.319180e-02	-1.235446e-01	
2.295694e-01	5.014060e-02	1.165715e-01	-5.263959e-02	-2.975386e-01	1.772599e-01	-3.388486e-01	1.410719e-01	6.471101e-03	-3.307984e-02	
-1.053612e-03	3.888164e-03	4.768334e-03	-1.604990e-03	5.065374e-03	8.672457e-03	-8.674298e-04	-1.332893e-02	2.907518e-03	-6.914278e-03	
2.061702e-03	-3.047329e-01	2.824997e-02	2.845195e-01	6.119145e-01	2.921969e-01	-1.194785e+00	-4.376364e-02	-2.342361e-01	4.744919e-01	
1.198441e-01	-1.415634e-01	-1.203694e-01	-1.308651e-01	2.208989e-02	9.649573e-02	7.207368e-02	-1.080481e-01	1.119454e-01	8.860865e-02	
-4.297994e-02	1.419065e-01	1.655116e-01	-1.673578e-01	3.323611e-02	-2.535910e-01	-1.180240e-01	-1.305958e-01	3.680823e-01	5.511057e-02	
-1.837896e-01	7.840695e-02	1.257979e-01	1.693082e-01	-3.957817e-01	-2.112443e-01	1.107000e-02	1.093371e-01	1.587972e-01	2.339522e-01	
-1.911025e-01	-1.523714e-01	5.621317e-01	-3.508531e-01	-1.495651e-01	7.333538e-02	6.642035e-01	1.602790e-01	-2.787494e-01	-1.999837e-01	
-2.243188e-01	-2.460852e-02	2.860734e-01	2.360328e-01	2.255314e-01	5.650191e-02	-2.053118e-02	-1.841842e-01	-1.049728e-01	-2.020160e-01	
2.416477e-01	-1.687445e-01	2.394083e-01	-3.789197e-01	3.267140e-01	-5.592657e-02	-3.398512e-02	-2.501694e-01	1.214114e-01	5.174536e-03	
2.064591e-01	-2.706315e-01	-6.362956e-02	7.472503e-02	6.973930e-02	8.525576e-02	7.037414e-01	2.361851e-02	-6.055800e-01	-8.690431e-02	
1.051232e-02	7.198790e-03	3.011070e-03	-1.799689e-03	1.465877e-02	1.186506e-02	7.308281e-03	4.833247e-03	9.619818e-03	7.342069e-03	
2.820789e-02	-8.995308e-03	1.239107e-01	-8.718406e-02	-5.405792e-02	2.089567e-02	7.139098e-02	-1.246980e-02	-2.519135e-02	1.987076e-02	
-1.692159e-01	2.152489e-01	-7.217707e-02	1.052716e-01	-1.381057e-01	-1.220849e-01	-1.395121e-01	8.655855e-02	-4.656357e-02	3.301616e-01	
-2.180565e-02	-4.774732e-02	4.555944e-02	9.001973e-03	2.175535e-02	1.593160e-02	-1.911133e-02	4.958898e-02	2.999898e-02	1.108904e-02	
-1.394358e-01	-6.736859e-03	2.308028e-01	-1.996098e-01	6.457827e-02	-2.563439e-01	5.594856e-01	1.358397e-01	1.615094e-01	-4.289913e-01	
1.906885e-02	1.487798e-02	2.905455e-02	4.288289e-02	2.785184e-03	-5.017011e-02	-3.016570e-03	-6.301986e-03	2.000418e-02	-6.177781e-03	
-3.129116e-01	-2.072451e-02	-1.983556e-01	6.354543e-01	-3.092962e-01	7.891716e-01	-1.236052e-01	4.170106e-02	-8.830525e-01	3.535647e-01	
4.851136e-03	9.713136e-03	-9.236602e-03	2.419809e-02	9.434540e-03	2.027423e-02	2.171253e-03	-1.143481e-02	8.992352e-03	5.182525e-03	
-6.108809e-02	5.210720e-02	-3.249384e-02	-1.122004e-01	2.516911e-01	-4.164454e-02	4.676938e-02	1.152233e-01	-8.952284e-03	-1.043657e-01	
-2.921224e-01	-6.488177e-01	-2.861100e-01	5.506826e-01	2.595147e-02	-1.619542e-01	-3.121385e-02	5.226949e-01	5.113112e-01	-1.646960e-01	
-1.001631e-01	-2.647319e-01	-5.959580e-02	2.908688e-01	-8.999357e-02	1.663509e-01	-1.092856e-01	-9.072578e-02	-1.023074e-02	2.917265e-01	
5.305043e-02	1.397423e-01	-1.834736e-01	-9.787453e-02	-1.217211e-01	1.365778e-01	9.380781e-02	4.671748e-04	4.083393e-02	-5.351468e-02	
1.502175e-02	-3.297174e-01	-1.213556e-02	-6.637197e-03	3.220953e-02	-2.698408e-02	-8.269112e-02	2.236831e-01	2.413010e-01	-2.775474e-02	
-4.113195e-02	-5.062798e-02	9.629709e-02	-4.207531e-02	-1.324970e-01	2.259328e-01	4.927246e-02	-1.189799e-01	1.110750e-01	-5.736748e-02	
2.065037e-03	-1.889247e-02	-6.681894e-02	1.856610e-01	8.142871e-02	1.127103e-01	1.388317e-02	1.496300e-01	-4.848335e-01	9.869900e-02	
3.166757e-02	3.950588e-02	2.758085e-03	5.782579e-02	-4.490113e-02	-1.351055e-02	-4.664582e-03	-3.362753e-02	-1.512693e-02	-7.363205e-03	
-9.516712e-03	7.191541e-02	2.702036e-02	4.605637e-01	1.795944e-01	2.802376e-01	-2.368374e-01	3.419677e-01	-9.957109e-01	-8.238914e-02	
3.136951e-02	-3.359593e-02	5.693384e-02	1.270805e-01	1.142438e-01	-1.261803e-01	4.286664e-02	2.710524e-02	-1.435701e-01	-1.501334e-04	
-9.097035e-02	2.708092e-01	3.957418e-01	-1.154795e-01	6.165229e-01	-1.217870e-01	-4.469454e-01	-4.889069e-01	4.463376e-03	1.066183e-02	
1.023240e+00	-5.831143e-01	4.161452e-01	-1.759660e+00	1.604181e-01	-2.430007e-01	-1.015437e+00	1.159312e-01	7.911414e-01	1.158410e+00	
1.277242e-01	-2.898194e-01	-2.296682e-01	-1.091497e-01	-1.182453e-01	1.228419e-01	4.768008e-02	-7.027309e-02	3.264717e-01	2.047429e-01	
-1.654276e-01	1.187207e-01	3.948167e-03	3.665116e-02	1.330374e-01	-2.103343e-01	-8.686018e-02	2.137301e-01	6.933517e-02	-2.372350e-02	
3.738010e-01	-4.433052e-02	7.974369e-02	4.917952e-02	6.967773e-02	7.980231e-02	-1.414536e-01	-2.667934e-02	-2.219117e-01	-1.900242e-01	
1.291216e-01	-1.040610e-01	1.604989e-02	6.128101e-02	2.215067e-02	-1.101939e-01	-5.163796e-02	1.272789e-02	4.541659e-02	8.062484e-03	
-1.187219e-01	-1.837158e-03	1.769585e-01	2.124099e-02	4.505846e-01	-2.537798e-01	-2.509941e-01	4.609380e-01	-1.719448e-01	-1.906967e-01	
4.548494e-02	3.195751e-02	-7.914157e-03	9.942155e-03	2.165370e-02	4.796330e-02	-7.488349e-03	-4.154660e-02	2.807410e-03	-1.887672e-02	
1.352716e-01	-1.958118e-01	-5.047196e-02	-3.348823e-01	-7.468512e-01	-5.482994e-01	8.382029e-01	6.637347e-01	8.802341e-01	-5.026417e-01	
-2.706970e-02	1.687131e-02	-7.301388e-02	1.915634e-01	-9.174590e-02	-1.289322e-01	2.891389e-03	6.826009e-02	5.911080e-02	5.634301e-02	
2.043174e-01	5.713949e-01	2.042793e-01	4.654966e-01	-5.113856e-01	3.584397e-02	-1.162236e+00	5.723596e-02	-3.770493e-01	4.663977e-01	
-5.506147e-02	4.672625e-01	-1.617816e-01	-7.261972e-02	3.309763e-01	-2.118453e-01	-5.297404e-02	7.584500e-02	-1.100913e-01	-1.384267e-01	
4.724685e-02	-8.461447e-02	3.718960e-02	2.736273e-01	2.149469e-01	9.239081e-02	2.710134e-02	-2.995783e-01	-3.136419e-01	3.562911e-02	
1.969546e-03	-1.102301e-02	2.396526e-03	5.456697e-03	-2.587582e-03	-5.606892e-03	1.131881e-04	1.625643e-02	1.051294e-02	-5.403908e-03	
1.696305e-02	2.663131e-02	5.688031e-02	-8.183495e-02	-5.562663e-03	7.474630e-02	4.525601e-02	-5.610650e-02	-2.086105e-02	5.686365e-03	
6.567460e-01	8.833375e-01	7.777732e-01	6.031119e-01	5.783245e-01	2.215471e-01	6.201598e-01	2.550739e-01	2.433359e-01	2.225526e-01	
8.887181e-02	-1.562326e-02	5.116208e-02	3.360201e-02	5.536017e-02	1.642102e-01	1.472927e-01	-1.915136e-01	-2.548793e-01	-3.463830e-02	
1.413881e-02	6.113894e-03	2.033109e-03	1.521583e-02	4.986548e-03	1.166048e-03	6.275022e-03	1.376526e-02	7.952852e-03	7.242761e-03	
2.125461e-01	5.599978e-02	-1.315454e-01	1.876852e-01	-4.695932e-02	-1.411192e-01	1.304322e-01	1.273925e-01	8.622298e-03	-3.262377e-01	
9.909397e-03	-7.116323e-02	4.069485e-02	-9.175715e-03	-1.010544e-02	2.325014e-02	7.437233e-04	-5.351875e-03	8.299907e-02	-4.667979e-02	
-3.148135e-01	-2.223573e-01	1.274108e-01	-2.390685e-02	5.437559e-01	-4.787633e-01	-1.684136e-01	5.046802e-01	1.456968e-01	1.423429e-02	
2.827520e-01	-2.634537e-01	4.393010e-02	-3.143628e-01	1.217210e-01	-2.505278e-02	-1.290561e-02	-4.361574e-02	1.337506e-01	9.974947e-02	
-8.748436e-02	1.614123e-01	5.704075e-01	-3.915243e-01	6.166280e-03	-1.465287e-02	-2.873944e-01	4.895024e-01	1.191764e-01	-5.010324e-01	
1.074153e-01	-1.263283e-01	-1.609238e-01	8.705990e-02	-1.058165e-01	-9.958626e-02	-6.353396e-02	1.662766e-01	7.916093e-02	1.616654e-01	
-1.803074e-02	-3.346817e-02	1.256531e-01	-2.007062e-01	2.922979e-01	-5.170449e-01	8.057240e-02	3.175506e-01	2.784157e-01	-1.988659e-01	
-3.234899e-02	1.209837e-01	-2.192171e-01	-6.108627e-02	1.107438e-01	5.105485e-02	4.523063e-02	2.406144e-02	8.171629e-03	-3.588244e-02	
1.722358e-01	-1.265677e-01	2.978353e-02	3.805376e-02	-7.617214e-02	5.797308e-01	-4.207956e-01	5.054950e-02	-2.804698e-01	-1.089416e-02	
1.143356e-02	3.309361e-02	-4.494535e-02	8.771566e-03	3.885786e-02	6.569691e-03	-1.269780e-02	6.940874e-03	-5.309790e-03	-1.496656e-02	
1.482110e-01	1.851693e-01	-1.875410e-02	2.505816e-01	-1.506364e-01	3.975457e-01	-4.242277e-01	-2.266377e-02	-3.079356e-01	-1.006875e-01	
-5.771253e-02	-4.456553e-03	-1.555035e-01	1.463713e-01	1.764760e-03	-3.309913e-02	-3.192690e-03	-9.102785e-03	1.162429e-01	4.872989e-02	
-4.904783e-01	-1.616973e-02	9.403911e-02	7.850638e-01	4.033827e-01	-1.015728e+00	2.796429e-01	-3.518070e-02	4.155201e-01	-2.546234e-01	
-1.338306e-01	-1.684892e-01	1.233862e-01	-4.858015e-01	6.733470e-01	-1.061005e-01	5.010144e-01	7.468673e-02	5.915867e-02	-4.060357e-01	
3.032527e-01	-3.166133e-01	3.604312e-02	-3.531451e-01	1.237059e-01	1.086956e-02	-2.496339e-01	-5.627767e-02	3.982097e-01	1.178940e-01	
2.289651e-02	9.860875e-03	1.251028e-02	1.940395e-02	4.370805e-03	4.577812e-03	1.809980e-02	2.338510e-02	4.971784e-03	5.278081e-03	
-1.957218e+00	4.413481e-01	1.076493e+00	-1.311932e-02	5.090250e-01	-1.543831e+00	1.349178e+00	1.585951e-01	5.998431e-01	-2.519624e-01	
-2.063387e-02	-6.853879e-02	7.817001e-02	-1.234425e-01	-1.320186e-03	4.299339e-02	3.414135e-03	1.251012e-01	-2.513454e-02	6.738884e-02	
1.606493e-01	1.420491e-01	-1.135461e-01	3.133817e-01	1.646903e-02	2.433095e-01	-3.660102e-01	-1.292676e-01	-3.954148e-01	1.135372e-01	
-3.031640e-01	2.778087e-02	7.171413e-02	-4.829552e-02	1.165010e-01	1.975424e-01	1.467010e-02	-4.753718e-02	3.828611e-02	-2.063332e-02	
2.428656e-01	-3.464649e-01	-1.435560e-01	4.165657e-02	2.695989e-01	4.937805e-01	-1.875070e-01	4.850650e-02	-9.375899e-01	5.604633e-01	
7.125315e-03	5.636569e-03	9.879831e-03	1.050583e-02	7.274794e-03	9.383239e-03	7.632081e-03	8.439804e-03	8.601111e-03	7.183270e-03	
5.610938e-01	-1.839925e-01	-2.616103e-01	3.601693e-01	1.337104e-01	2.423238e-01	-7.126482e-02	-3.036495e-01	-7.339373e-02	-4.511335e-01	
1.489197e-02	9.458422e-02	-3.435806e-02	-5.130625e-01	5.463198e-02	1.335667e-01	-1.429851e-01	1.753394e-01	2.366336e-01	-1.637673e-02	
1.844517e-01	-3.372825e-01	5.108144e-01	-1.771813e-02	9.306533e-02	-8.843235e-02	-3.099753e-01	1.971014e-01	4.217655e-02	-2.016901e-01	
-2.123515e-02	4.831567e-02	1.882797e-02	-1.045126e-02	-4.695725e-02	-1.136775e-02	1.057823e-02	2.457619e-02	8.650871e-04	9.882376e-03	
-6.097221e-02	-1.303441e-01	-2.029733e-01	9.966604e-02	2.639279e-01	3.101438e-01	-1.517713e-01	-5.261807e-02	-4.667811e-01	4.171925e-01	
2.728576e-01	5.477994e-01	5.301314e-01	7.055034e-01	1.542383e-01	5.121710e-01	8.041963e-01	1.265149e-01	2.516847e-01	3.368896e-01	
-2.164372e-01	1.326529e-01	-3.939100e-01	4.253945e-01	1.132949e-02	4.742503e-01	-3.364662e-01	3.505079e-01	-8.072034e-01	3.549341e-01	
9.194843e-03	-4.482353e-02	-8.003265e-02	7.496331e-02	4.996893e-02	3.416699e-02	3.007197e-02	-4.996463e-02	2.099824e-02	2.522156e-03	
6.503692e-02	2.665448e-01	2.167238e-02	8.732378e-02	-3.549841e-01	-3.583582e-02	1.860763e-01	2.110912e-01	-5.693868e-02	-3.324153e-01	
1.524065e-01	-1.066114e-01	8.755708e-05	-1.991694e-02	1.360228e-01	-2.353696e-01	3.580605e-01	-4.588299e-02	1.776506e-01	-3.104437e-01	
2.943933e-01	-2.290695e-01	-2.215880e-01	-2.766187e-01	-2.320293e-01	1.150428e-01	-1.817290e-01	-1.960316e-01	5.734033e-01	2.964375e-01	
-1.131576e-02	6.786857e-01	-1.662773e-01	1.024145e+00	9.136493e-01	-7.603101e-01	2.440350e-01	1.918444e-01	-1.095286e+00	-8.336636e-01	
-1.117101e-01	-1.738532e-01	3.702954e-01	-3.654240e-01	5.095795e-01	-2.907716e-02	-8.534868e-02	8.523358e-02	-9.513435e-02	-2.049252e-02	
-4.363783e-02	5.875998e-02	-3.875302e-02	-1.085525e-02	4.406918e-03	9.443999e-04	2.817960e-02	7.195191e-02	-3.773789e-02	2.589038e-02	
-2.239836e-01	2.023501e-01	3.681377e-01	-3.311099e-02	-3.777466e-02	-4.475535e-01	9.222543e-02	3.365688e-01	1.199791e-01	-2.473236e-01	
8.630429e-04	9.235805e-04	8.872353e-04	1.029929e-03	9.537416e-04	1.110425e-03	8.833160e-04	7.953742e-04	1.036459e-03	9.529229e-04	
