7.947777e-01	9.827691e-01	8.536872e-01	3.161440e-01	9.628896e-02	1.503148e-01	2.702620e-01	6.545778e-01	9.124695e-01	7.492825e-02
8.414618e-01	2.554954e-01	7.132856e-01	7.200677e-01	7.333934e-01	4.282054e-01	3.822698e-01	5.411041e-01	3.916086e-01	5.964604e-01
3.639809e-01	1.360771e+00	-2.653184e-01	4.563200e-01	1.171382e-01	6.540039e-01	5.097965e-01	1.169851e-01	8.644474e-01	1.020222e-01
7.609797e-01	5.190378e-01	6.061834e-01	4.484382e-01	9.325724e-01	8.829460e-01	-3.598495e-01	2.461135e-02	1.264749e-02	5.374283e-01
4.599471e-01	2.868925e-01	2.166420e-01	3.625512e-01	8.554781e-02	-2.020225e-01	1.102875e-01	-5.560804e-01	6.581683e-01	6.565103e-01
6.502368e-01	4.864567e-01	2.873028e-02	7.874173e-01	4.812067e-02	3.297358e-01	7.935685e-01	4.367391e-01	9.514119e-01	-2.468618e-01
-2.614618e-01	2.184458e-01	7.671134e-01	9.044469e-01	4.988366e-01	1.394805e+00	4.166168e-02	5.248320e-01	3.288579e-01	1.138586e+00
4.867792e-02	1.434034e-01	1.701880e-01	4.043042e-01	-1.081486e-01	9.988302e-02	4.695857e-02	2.103697e-01	1.196328e-01	1.512063e-02
2.489199e-01	1.334693e-01	1.167693e-01	9.280391e-02	1.843567e-01	2.759673e-01	7.770428e-01	-7.059209e-02	-6.427074e-02	1.939978e-01
3.563023e-01	2.820433e-01	8.939239e-01	8.966829e-01	-6.106833e-02	-3.000780e-01	5.960368e-01	6.242729e-01	7.719665e-01	2.729754e-01
2.697699e-01	5.255975e-01	2.281191e-01	-1.143537e-01	3.116863e-01	-1.397324e-01	4.025990e-01	-2.441465e-01	-2.939315e-01	-2.340597e-01
9.879298e-01	7.621372e-01	3.349725e-01	8.403415e-01	3.253552e-01	1.452014e-01	1.079502e+00	6.810321e-01	1.513596e+00	4.648912e-01
-1.263002e-01	-8.680309e-02	3.448681e-01	-6.717250e-02	6.269050e-01	3.814883e-01	-2.212949e-02	9.743159e-01	6.957472e-01	-8.270743e-02
6.906427e-01	5.806952e-01	1.614944e-01	5.160743e-01	3.067435e-01	8.752950e-01	9.698525e-01	6.390749e-01	4.866007e-01	9.702547e-01
2.335726e-01	3.570994e-01	-4.736489e-02	5.129017e-02	-2.698347e-01	5.090795e-02	-2.449476e-02	7.275650e-01	-4.079740e-01	-1.019913e-02
5.210301e-01	4.365971e-01	-1.415298e-01	9.437464e-02	5.500594e-01	-5.051194e-01	2.585495e-01	4.534719e-02	1.901784e-02	4.303108e-01
6.286339e-01	2.076096e+00	8.950441e-01	6.097758e-01	2.966905e-01	4.537395e-01	-6.240509e-02	-6.854666e-01	7.380538e-01	8.404455e-01
8.449701e-02	2.472975e-01	9.553847e-01	5.341252e-01	5.739998e-01	1.720798e-01	7.379651e-01	5.597733e-01	-1.736385e-01	3.928304e-01
1.503719e-01	1.623027e-01	9.855112e-02	1.437085e-01	8.982004e-02	1.425282e-01	1.695769e-01	2.169960e-01	9.062681e-02	1.830716e-01
8.798190e-01	6.427379e-01	1.411765e-01	2.854906e-01	8.250605e-01	5.328938e-01	1.062631e+00	5.989174e-01	-3.540757e-01	-2.536920e-01
4.336723e-01	2.057526e-01	1.079694e-01	2.838962e-01	1.195221e-01	3.652852e-01	3.014333e-01	1.505394e-01	1.642287e-01	1.960131e-01
2.350636e-01	5.640299e-01	5.865520e-01	5.634937e-01	4.850725e-01	7.820824e-01	6.689032e-02	4.697490e-01	3.307435e-01	7.467236e-01
2.876506e-01	4.135151e-01	1.513993e-01	2.327739e-01	2.056625e-02	2.469485e-01	1.211151e-01	2.599692e-01	1.737293e-01	6.349425e-02
-5.472493e-02	-1.851123e-01	1.623456e-01	1.910801e-01	4.954606e-01	3.645065e-01	1.406759e-01	4.419142e-01	3.007547e-01	1.158398e+00
6.167187e-01	4.589249e-01	1.655533e-02	4.430974e-01	4.072853e-01	1.042166e+00	6.447978e-01	4.653957e-02	7.364846e-01	9.495801e-02
1.167078e-01	4.509646e-01	3.448280e-02	8.994095e-01	3.746721e-01	8.830282e-01	2.236319e-01	5.842313e-01	1.388490e+00	8.546682e-01
5.872113e-01	7.384155e-01	-4.040989e-02	1.018083e+00	-3.392379e-01	7.749666e-01	4.867032e-01	9.708357e-01	3.078476e-01	-3.821533e-02
5.956472e-01	-2.027674e-01	6.629544e-01	1.069859e+00	4.780221e-01	-1.142674e-03	5.953285e-01	7.452903e-01	1.029017e+00	2.620653e-01
6.124743e-02	6.734781e-01	2.560268e-01	8.844570e-02	2.160069e-01	6.179748e-01	7.404404e-01	3.992906e-01	5.367211e-01	6.608383e-01
5.209480e-02	-1.755578e-01	-4.004319e-01	6.231545e-01	1.236878e+00	7.860229e-01	8.590629e-01	1.373133e-01	8.288235e-01	9.200667e-01
1.072214e+00	3.787332e-01	7.542093e-01	2.110256e-02	8.534583e-01	-3.300906e-01	7.711593e-01	4.755883e-01	3.098448e-01	1.013026e+00
-1.109780e-01	1.048935e+00	1.215718e+00	6.137054e-01	1.421740e+00	3.833502e-01	1.214392e-01	3.689332e-01	2.297944e-02	1.224636e+00
6.499394e-01	-1.002280e-01	-3.366126e-01	1.927400e-01	1.454878e-01	9.554151e-01	2.593661e-01	7.972599e-01	3.092796e-01	1.728653e-01
7.146173e-01	5.781765e-01	-6.238771e-03	9.063817e-01	1.321937e+00	7.736350e-01	6.298833e-01	5.445092e-01	-2.522495e-01	-3.431750e-01
-5.053016e-02	-1.173960e-01	7.900755e-02	4.212089e-02	-1.679998e-02	7.766485e-02	2.760667e-01	-8.204194e-02	7.962273e-02	1.465233e-01
2.001934e-01	1.007436e+00	5.114772e-01	2.634564e-01	-5.080046e-02	1.999181e-02	4.826885e-01	1.123643e-01	8.490945e-01	4.633715e-02
9.415493e-01	1.015972e-01	1.522591e-01	9.379567e-01	1.309355e-01	2.316326e-01	5.860842e-02	6.399338e-01	4.622546e-01	3.202750e-03
3.236761e-01	1.347078e+00	3.116405e-01	1.291975e-01	-5.718835e-02	6.692886e-01	5.236114e-01	-3.602251e-01	7.301665e-01	2.180551e-01
2.653418e-01	4.677752e-01	1.994997e-02	7.082466e-02	4.374324e-01	2.558771e-01	-4.508645e-01	5.214403e-01	-1.007642e-01	2.952219e-01
5.498653e-01	4.267318e-01	9.253455e-02	4.889820e-01	-1.637513e-01	2.641027e-01	3.328091e-01	-1.501196e-01	-7.834553e-02	5.362392e-01
2.947538e-02	2.558499e-01	2.495660e-01	5.663591e-01	-3.826793e-01	3.308436e-01	1.047614e+00	6.467400e-01	1.799882e-01	3.324271e-01
6.622460e-01	1.057385e+00	9.080206e-01	4.326636e-01	-4.394772e-02	1.025019e-01	1.789011e-01	8.828787e-01	9.386792e-02	7.652713e-01
3.270002e-01	1.203158e-01	8.848871e-02	1.068529e-02	-7.147874e-02	2.817754e-01	-1.052801e-01	-1.577073e-01	2.529004e-02	-1.489817e-01
5.329332e-01	6.913601e-01	3.214460e-01	6.205053e-01	3.967153e-01	3.106275e-01	5.893592e-01	2.227463e-01	2.436385e-01	5.177905e-01
7.268381e-01	5.948441e-01	8.496620e-01	2.248686e-01	8.033118e-01	-6.531153e-01	6.091386e-01	1.562738e-03	-6.298249e-02	4.185973e-01
4.573727e-01	5.611860e-01	8.768799e-01	1.203850e-01	7.014306e-01	7.502539e-01	2.429327e-01	5.584700e-01	9.113963e-01	5.060584e-01
-2.774940e-01	1.051092e+00	5.832116e-01	1.857647e-01	1.099454e+00	4.466963e-01	3.545423e-01	5.694120e-01	-1.922549e-01	5.418636e-01
4.984469e-02	5.898074e-01	4.754874e-01	2.331316e-01	1.846451e-01	7.114482e-01	5.640919e-01	1.005805e-01	5.609709e-01	8.582344e-01
1.180012e-01	2.381692e-01	9.592026e-02	-1.417244e-01	8.758460e-02	3.284667e-02	1.428868e-01	3.776610e-02	-4.683763e-02	7.303872e-03
1.248433e-01	5.777002e-01	6.459357e-01	9.685379e-01	1.798074e-01	1.190886e+00	-1.126780e-02	5.482842e-01	3.367644e-01	4.635352e-01
1.442539e-01	2.185020e-01	1.338744e-01	1.716375e-01	1.380769e-01	9.104448e-01	6.529218e-01	8.006152e-01	1.859161e-01	8.004458e-01
2.350012e-01	7.548727e-01	-9.951117e-02	2.005212e-01	4.976105e-01	8.030502e-01	9.473447e-01	2.341715e-01	4.843915e-01	2.155270e-01
7.656009e-01	5.221726e-01	2.329143e-01	6.659328e-01	-1.390652e-01	1.099803e-01	2.656176e-02	1.820689e-01	-1.840099e-01	3.607386e-01
1.002996e+00	6.845900e-02	2.638757e-01	3.594600e-01	1.055698e+00	2.096920e-01	4.769288e-01	3.250219e-01	8.028428e-01	5.035710e-01
3.217183e-01	3.755194e-01	6.591472e-02	2.137174e-01	-5.615045e-02	-6.291695e-02	8.470832e-02	5.935565e-01	-8.963795e-02	2.930262e-01
3.713126e-01	6.484122e-01	6.443645e-01	-3.074510e-01	3.315042e-01	2.685586e-01	6.259398e-01	8.823878e-02	1.078742e+00	7.952603e-01
-5.995260e-02	7.715832e-01	4.714331e-01	6.083626e-01	7.040928e-01	1.082229e+00	1.498415e+00	7.793646e-01	-2.787254e-01	-4.592917e-01
1.058577e+00	7.076502e-01	1.928869e-01	-2.957885e-01	2.404016e-01	-1.074713e-01	6.552799e-01	2.433292e+00	5.962716e-01	5.996618e-01
1.711787e-01	1.244679e-01	3.084181e-01	1.446182e-01	-3.280277e-02	3.647436e-02	2.632704e-01	-2.392201e-01	-1.764944e-01	-1.972747e-01
2.796604e-01	-2.776757e-01	1.375047e-01	-1.684466e-01	5.960775e-01	5.054358e-02	3.874447e-04	-1.779462e-03	3.354208e-01	-9.337096e-02
6.273683e-01	-1.562287e-01	6.336808e-01	1.957688e-01	6.814297e-02	3.678376e-01	-1.855830e-01	-9.385039e-02	2.127586e-01	9.478732e-02
5.435465e-01	3.367846e-01	6.205572e-01	8.025256e-02	2.146065e-01	9.303462e-01	-5.713153e-02	1.035767e+00	1.202065e-01	1.825021e-02
3.014532e-01	4.963222e-01	3.785907e-02	3.093856e-01	-1.066445e-01	2.131306e-02	7.373802e-01	2.321532e-01	4.288519e-01	2.926081e-01
1.014355e+00	1.627402e-01	-1.222085e-01	6.376346e-01	-2.277106e-01	3.682091e-01	4.620308e-01	-3.544596e-01	2.930458e-01	3.286637e-01
7.244643e-01	7.914660e-01	-7.049517e-02	3.195715e-01	5.071980e-01	1.909063e-01	-1.407461e-01	2.057918e-01	-4.905875e-01	5.679465e-01
8.595885e-01	1.312342e-01	9.711912e-01	8.096139e-02	5.689678e-01	-1.139089e-02	-1.423077e-01	5.797169e-01	1.209001e-01	1.200299e+00
8.313730e-02	5.547933e-02	3.184666e-01	-1.866341e-01	-2.180545e-01	2.085610e-01	6.964692e-02	9.687368e-02	-1.259053e-02	-1.252591e-02
8.112429e-01	7.819611e-01	3.287346e-01	7.518324e-01	3.798458e-02	1.862510e-01	2.537799e-01	4.915467e-01	1.285486e-01	3.085332e-01
4.387273e-02	-3.192731e-01	3.574276e-01	-1.185310e-02	6.409957e-01	6.028876e-01	6.487282e-01	5.736392e-01	8.491463e-01	3.697839e-01
-1.138132e+00	-1.450160e-01	1.043394e+00	1.407046e+00	5.302381e-01	7.054724e-01	1.687695e+00	8.737538e-01	9.483178e-01	1.358357e-01
-9.306719e-02	1.946257e-01	-2.811140e-02	1.654790e-01	4.229561e-02	5.481822e-02	3.179118e-01	3.727934e-01	3.922645e-02	-6.432324e-02
2.574868e-02	5.039854e-01	4.396546e-01	6.146276e-01	7.598263e-01	7.623527e-01	5.482010e-01	9.312501e-01	4.366019e-01	7.450087e-01
6.122998e-01	-9.098628e-02	3.795095e-01	1.470121e-01	-2.383287e-02	2.850977e-01	-3.848407e-01	2.076387e-01	4.301338e-01	3.485789e-01
5.646109e-01	2.256784e-01	3.149456e-01	5.524811e-01	3.318722e-01	6.560776e-01	1.218128e+00	8.534548e-01	6.524569e-01	2.637313e-02
5.254817e-01	3.710429e-01	6.612880e-01	1.450397e-01	7.931857e-04	1.115573e-01	-5.638211e-02	3.079546e-02	1.601013e-03	-5.839227e-01
6.500664e-02	3.988818e-01	7.700193e-01	7.435038e-02	1.461695e-01	1.366382e+00	8.175387e-02	6.329799e-02	1.165322e+00	9.376425e-01
5.640096e-01	1.438748e+00	-1.432596e-01	7.919786e-01	9.943651e-01	7.391603e-01	1.219798e-03	2.968434e-02	-7.916751e-01	1.128157e+00
7.814656e-02	4.125020e-01	6.118430e-01	8.999222e-01	9.352685e-01	6.694629e-01	3.563605e-01	1.327205e-01	1.048818e+00	1.433890e-01
4.778866e-01	5.038307e-01	2.031268e-01	2.477455e-01	2.485293e-01	7.486318e-01	1.057472e+00	1.815406e-01	2.756991e-01	2.614049e-01
7.247312e-01	-1.413997e-02	3.080437e-01	9.850575e-02	3.921313e-01	-1.154353e-01	1.521095e+00	4.901607e-01	1.529563e-01	4.500305e-01
8.067846e-01	3.695463e-01	1.509988e-01	9.923367e-01	-3.480614e-01	5.838967e-01	3.722562e-01	-1.037393e-01	-2.480696e-01	3.903334e-01
8.670460e-01	9.044462e-01	1.776416e-01	4.240904e-01	3.228134e-01	4.087715e-01	8.364254e-01	7.084196e-01	3.452874e-01	4.585061e-01
5.314894e-01	-1.988524e-01	8.034513e-01	6.849610e-02	5.402212e-01	-3.596986e-01	-4.912409e-01	6.109317e-01	-1.121289e+00	1.435119e-01
2.557674e-01	5.183148e-01	-2.452149e-01	2.115933e-01	-1.958394e-01	1.866691e-01	3.657999e-01	4.331796e-01	-1.906071e-01	-1.167523e-01
7.577586e-02	-4.146850e-02	-7.611574e-02	4.639832e-01	2.588545e-01	-1.066570e-01	-2.654756e-02	-3.001763e-01	1.106103e-01	3.806592e-01
4.795846e-01	4.237390e-01	3.319035e-01	1.286670e+00	-3.167166e-01	3.459421e-01	7.264078e-01	8.944763e-01	3.389369e-01	1.180322e-01
3.629103e-01	1.554302e-01	3.693649e-01	-2.124444e-01	2.734096e-01	2.076005e-01	2.824300e-01	3.603248e-01	5.662789e-01	1.871915e-01
-1.568532e-01	-6.276137e-02	6.143652e-01	-2.072909e-01	-2.504958e-02	-2.880731e-01	6.184452e-01	-8.845244e-02	8.249533e-01	-1.260975e-01
3.243319e-01	-3.686714e-03	-1.724472e-01	9.507538e-02	1.694341e-01	-3.045665e-01	3.325558e-01	9.338009e-01	-2.977840e-01	1.489202e+00
1.318081e+00	4.502207e-01	-1.331791e-01	3.364903e-01	1.615932e-01	3.869477e-02	5.533255e-02	4.455779e-01	3.552855e-01	-8.853832e-02
4.690347e-01	-7.156116e-02	4.949588e-01	8.285861e-02	-1.353522e-01	2.928523e-01	2.280906e-01	-1.334006e-01	-9.116972e-02	-1.009804e-01
6.660048e-01	6.149181e-01	6.728102e-01	2.356500e-01	3.128059e-01	5.306472e-01	9.027306e-01	3.374525e-01	9.551059e-01	5.888165e-01
2.276491e-01	2.411419e-02	-2.803645e-02	2.552895e-01	3.931999e-02	7.103095e-01	1.628802e-01	9.299068e-02	5.532158e-01	5.543905e-01
1.137758e+00	2.334409e-01	7.157008e-01	8.216398e-01	5.101170e-01	4.886012e-01	8.795198e-01	3.196828e-01	4.437462e-01	7.854063e-01
4.120867e-01	8.591015e-01	-2.550502e-01	4.228801e-01	-2.846458e-01	-4.095081e-01	-4.235435e-01	6.526848e-01	3.777600e-01	5.392328e-01
-1.355133e-02	2.075856e-01	5.728276e-02	1.494099e-01	-1.436506e-01	2.615464e-02	1.994970e-01	5.016529e-02	1.459697e-01	1.213964e-02
3.604508e-01	2.089967e-01	2.882081e-01	4.150762e-01	4.144013e-01	-4.261272e-02	4.060483e-01	6.664483e-02	-4.985956e-01	1.856721e-01
5.590747e-01	1.129286e+00	2.721542e-01	3.756091e-01	3.768496e-01	1.097325e+00	5.622207e-01	2.124649e-01	1.194485e+00	1.000238e+00
3.209333e-02	4.584738e-03	1.189438e-02	1.881587e-02	5.498838e-03	9.397093e-03	-9.415253e-03	3.021040e-02	-3.595075e-02	2.563754e-02
2.420818e-01	9.931411e-01	4.057018e-01	8.814165e-01	-4.642639e-01	-7.463013e-01	6.648430e-01	1.005044e+00	6.498159e-01	8.942023e-01
3.075619e-01	1.697061e-01	3.784714e-01	2.603400e-01	1.411998e-01	5.451228e-02	4.465745e-01	-5.210032e-02	1.070681e-01	7.649846e-02
