9.106423e-01	3.691923e-01	1.483667e-01	8.831234e-01	8.140067e-01	8.006033e-01	2.196730e-01	2.457621e-01	8.434285e-01	2.395713e-01
2.046509e-01	6.312570e-01	9.324956e-01	7.436965e-01	6.578428e-01	7.195545e-01	6.641943e-01	8.573915e-02	4.860069e-01	8.100859e-02
6.077930e-01	-1.450348e-01	2.843944e-01	3.448906e-01	5.612376e-01	5.463561e-01	6.979886e-02	4.636184e-01	7.829970e-01	-1.987303e-01
6.931149e-01	-5.714715e-01	2.388633e-01	9.390697e-02	2.337884e-01	-2.021917e-01	1.204294e-01	-9.089365e-02	2.853240e-01	3.935190e-01
-7.681509e-03	-5.268411e-02	2.388475e-01	2.097595e-01	1.670428e-01	-2.112360e-01	2.195045e-01	-3.637109e-02	-1.042722e-01	3.507289e-01
4.123698e-01	1.008841e+00	3.647245e-01	4.049958e-01	2.782691e-01	6.315547e-01	6.811354e-01	7.729183e-01	2.178624e-01	7.535302e-01
9.772782e-02	8.183419e-01	5.495295e-01	2.716919e-02	3.471594e-01	4.413145e-01	2.212704e-01	3.465947e-01	6.961927e-01	5.735842e-01
4.644288e-01	4.476397e-01	8.888121e-01	5.918995e-01	7.280253e-02	5.019521e-01	8.948218e-01	1.069582e+00	5.273124e-01	7.270106e-01
-1.404038e-01	3.437414e-01	3.956371e-01	1.299048e-01	1.466201e-01	2.288620e-01	-1.217251e-01	2.125412e-03	2.229335e-01	-2.713111e-01
8.481538e-01	6.212008e-01	-5.702796e-03	1.166207e+00	5.032145e-01	9.724288e-01	6.185547e-01	2.462098e-01	6.418915e-01	4.104805e-01
-1.351071e-01	4.275399e-01	-4.003254e-02	1.970259e-01	3.964246e-01	1.171133e-01	1.771808e-01	-2.613114e-02	-2.524304e-02	5.423906e-01
4.660286e-01	6.025038e-01	1.238232e+00	4.922408e-01	2.312245e-01	2.884503e-01	4.816571e-01	-1.107298e-01	1.067273e+00	6.367617e-01
-9.903420e-02	-7.381915e-02	4.215488e-01	1.250438e-01	4.298575e-01	4.502373e-02	-1.018956e-01	-4.572403e-02	6.382943e-02	1.991073e-01
3.630752e-01	6.757574e-01	4.362103e-01	9.003523e-01	2.888718e-01	-9.270174e-02	3.838348e-01	2.058967e-01	6.206497e-01	1.518750e-01
2.669640e-01	5.338033e-01	-2.261492e-02	-5.226914e-02	3.553464e-01	1.938606e-01	3.984663e-01	-7.817048e-02	6.482647e-01	3.718128e-01
5.762384e-01	4.090350e-01	3.108524e-01	5.847605e-02	2.462306e-01	4.542373e-01	3.111949e-01	1.311736e-01	2.375843e-02	4.187868e-01
-2.622168e-01	-1.865344e-01	9.017851e-01	7.695424e-01	5.633097e-01	3.597688e-01	-2.800937e-01	6.788990e-01	7.782400e-02	6.401844e-03
2.262504e-03	2.945875e-01	3.930084e-01	8.296362e-01	8.095319e-01	2.845230e-01	1.004303e+00	4.364523e-01	3.217143e-01	6.215116e-01
1.047315e-01	1.970184e-01	6.337748e-01	4.145835e-01	3.019292e-01	3.229525e-01	5.029822e-01	5.963491e-01	4.813668e-01	-1.532890e-01
1.097850e+00	4.137068e-01	6.648870e-01	3.704084e-01	7.903674e-01	1.461715e-01	1.829169e-01	3.383378e-01	7.168778e-02	6.268953e-01
3.891673e-01	1.783969e-01	4.863121e-01	6.496140e-01	5.210227e-02	9.153851e-01	1.025503e-01	8.557541e-01	7.705580e-01	2.106587e-01
7.112534e-01	6.186509e-01	7.853637e-01	8.768316e-01	-2.284170e-02	5.855295e-01	4.697359e-01	9.728030e-01	2.266401e-01	2.939597e-01
-1.545976e-01	-3.308558e-01	3.475405e-02	5.761778e-01	6.074880e-01	3.643907e-01	3.130912e-01	1.891466e-01	4.008334e-01	-1.847082e-01
9.643048e-02	-3.437634e-02	7.218226e-01	8.943612e-01	9.274433e-01	5.781617e-01	9.249664e-01	1.001054e+00	1.150587e+00	4.779411e-01
2.030054e-01	1.370640e-01	1.293227e-01	2.726154e-01	1.904368e-02	4.961352e-01	1.985732e-01	4.493116e-01	3.437264e-01	4.071411e-01
4.351357e-01	5.732680e-01	6.838690e-02	8.754918e-03	7.444049e-01	-7.459502e-02	1.099883e+00	3.266487e-01	4.184759e-01	4.353093e-01
7.004720e-01	7.966355e-01	4.703105e-01	6.631096e-01	5.634453e-02	6.511685e-01	4.836326e-01	-5.236847e-02	4.039151e-01	-7.233360e-02
-5.453268e-02	4.063264e-01	1.687538e+00	1.126992e+00	4.639579e-01	-3.250611e-01	1.643245e+00	2.152655e-01	9.019570e-01	-1.120813e+00
2.179573e-01	9.392427e-02	-2.801877e-02	-1.793432e-02	-6.557057e-02	-9.720541e-02	8.863797e-02	-1.334473e-01	1.084171e-01	2.361926e-01
2.311716e-01	4.167928e-01	4.399927e-01	8.846980e-02	3.489221e-01	7.913392e-01	7.189615e-01	-8.191648e-02	1.187605e-01	4.621319e-01
-1.304797e-01	2.265241e-01	2.560384e-03	-3.195099e-02	1.512012e-02	2.525836e-02	1.566416e-01	6.427654e-02	2.708004e-01	-1.481642e-01
1.178015e+00	6.577157e-01	1.128849e+00	5.364504e-01	-9.112847e-02	7.466527e-01	9.084812e-01	8.365671e-01	4.692587e-01	3.258279e-01
-9.775064e-03	-6.051250e-02	-8.383957e-03	6.088572e-02	5.790617e-02	1.714420e-01	-6.440690e-02	-3.178584e-02	3.635438e-01	6.104508e-02
-3.143870e-01	4.476207e-01	1.001619e-01	1.476726e+00	6.270672e-01	8.809561e-01	3.877789e-01	5.561887e-02	5.582816e-01	1.089550e+00
-3.075350e-01	4.593449e-01	1.517021e-01	-7.960965e-03	-3.532031e-01	6.073606e-03	-1.201958e-01	-2.228321e-01	1.019565e+00	7.522771e-01
1.333052e-02	5.108655e-01	6.821636e-01	5.680440e-01	3.731173e-01	4.325519e-01	2.844982e-01	7.779986e-01	6.343303e-01	4.964503e-01
3.747223e-01	1.949862e-01	4.471224e-01	6.463454e-01	9.214678e-02	5.429943e-01	6.197954e-01	3.730689e-01	1.564474e-01	5.946648e-01
6.977705e-01	5.863883e-01	1.335454e-01	2.005887e-01	1.927499e-02	1.046229e+00	4.854391e-01	5.699551e-01	4.283652e-02	-5.758531e-02
3.493383e-01	3.613505e-01	7.833197e-01	1.088729e-01	5.325532e-02	1.342901e-01	3.073979e-01	-1.993377e-01	1.223625e-01	2.863890e-01
8.043848e-01	2.183830e-01	1.410274e-01	9.033897e-01	7.864305e-01	-2.903939e-01	-3.294113e-01	2.477283e-02	5.015345e-01	-3.696873e-01
-3.822293e-01	2.791949e-01	-2.209699e-02	4.314557e-01	7.735208e-01	4.489533e-02	-2.991502e-02	-2.824684e-02	-1.078611e-02	4.965589e-01
4.037705e-01	5.008671e-01	2.075382e-02	2.213871e-01	1.325047e-01	5.374911e-01	4.802597e-01	3.681081e-01	7.866073e-02	6.153748e-01
-2.686699e-02	1.516449e-02	3.360532e-02	4.601022e-02	4.051901e-02	6.236341e-03	5.451849e-02	-2.447771e-02	-1.504587e-02	1.800533e-03
3.321197e-01	1.059784e+00	-4.583636e-01	-3.807584e-02	1.140521e+00	5.864739e-01	-2.626744e-01	-8.377921e-02	7.381845e-01	7.386928e-01
4.160057e-02	8.718836e-01	8.743035e-01	-5.302180e-02	8.325313e-02	2.095080e-01	-6.536474e-02	4.713046e-02	9.878591e-01	6.881158e-01
6.053463e-01	6.070896e-01	6.026456e-01	1.267315e-01	7.465594e-01	7.788670e-01	1.674787e-01	4.077660e-01	-5.786770e-01	1.443584e+00
1.294495e-01	3.935146e-01	9.210441e-01	4.401200e-01	5.723375e-01	3.644123e-01	3.662528e-01	1.841195e-01	5.435036e-01	1.086653e-02
4.287205e-01	5.713818e-01	8.490261e-01	-9.664032e-02	7.008145e-01	6.616946e-01	6.035245e-01	2.620885e-01	4.822637e-01	1.087876e+00
6.587021e-01	6.236289e-01	-3.165852e-01	-1.834911e-02	-9.417905e-02	-1.820417e-01	9.071263e-01	4.300041e-01	4.251205e-01	5.783571e-01
7.469525e-01	7.433070e-01	6.232327e-01	6.602885e-01	7.511298e-01	2.618538e-01	7.708972e-01	8.084558e-01	4.127149e-01	5.944200e-01
-1.159367e-01	-2.846908e-01	-3.766036e-01	3.244628e-02	2.513315e-01	4.143314e-01	6.605389e-01	1.790737e-01	1.124522e+00	1.805607e-01
1.960682e-01	6.218463e-01	6.012276e-01	4.494827e-01	-1.070202e-02	3.775053e-01	4.933432e-01	1.027488e+00	7.332182e-01	9.177675e-01
1.580186e-01	4.620061e-02	1.771275e-01	-6.376489e-02	2.376450e-02	3.515959e-02	-1.892319e-01	-2.132396e-02	2.011184e-01	2.056892e-01
1.140954e+00	-1.110376e-01	5.365059e-01	4.616812e-01	2.859022e-01	5.041573e-01	6.402385e-01	1.478459e+00	-1.924482e-01	7.109891e-01
-1.474125e-01	5.355006e-01	3.077697e-01	4.008770e-01	-8.190332e-02	-6.946095e-03	4.739818e-01	4.447097e-01	2.380542e-01	2.630047e-01
2.155961e-01	-2.681352e-01	1.027779e+00	-5.228236e-01	1.169465e+00	-2.566292e-01	1.410204e+00	3.854817e-01	6.246134e-02	1.196319e+00
2.256434e-01	-1.683263e-02	7.149602e-01	4.686750e-01	5.965419e-01	6.174758e-01	1.613515e+00	-1.081181e-01	3.942509e-01	9.006289e-02
2.537436e-01	6.465897e-01	1.038159e+00	2.652618e-01	2.796089e-01	2.936943e-01	9.328440e-01	1.004410e+00	6.708376e-01	2.756838e-01
-4.010156e-01	7.106457e-02	4.029027e-01	1.252048e-01	8.580080e-02	-8.912499e-05	3.625869e-02	1.814173e-01	3.006121e-01	2.803687e-01
-4.017412e-01	8.314580e-01	1.373391e+00	1.260178e+00	-9.690565e-01	-6.813166e-02	3.219442e-01	-2.812679e-01	1.088307e+00	1.423480e+00
3.620794e-02	7.485978e-02	1.859369e-01	-5.685710e-02	1.164441e-02	-1.315293e-01	7.914071e-02	2.105754e-03	-6.594156e-02	1.971854e-01
7.931591e-01	6.113613e-02	4.963589e-01	9.102458e-01	5.052538e-01	7.470495e-01	8.824498e-01	1.018745e+00	8.090485e-01	4.024338e-01
1.607329e-01	-1.751934e-01	2.414435e-01	-1.759960e-01	1.265810e-01	1.006813e-01	-2.403309e-01	-8.074130e-02	3.878144e-01	2.562179e-01
3.990695e-02	1.912551e-01	1.013999e+00	4.311609e-01	4.223798e-01	3.348735e-01	3.688028e-01	1.234166e-01	4.118873e-01	6.328257e-01
3.682940e-01	2.757060e-01	-3.529287e-02	5.771012e-02	-4.656460e-02	3.875608e-02	-1.282079e-01	8.515383e-02	2.495488e-02	7.516800e-02
6.231788e-01	1.391480e-01	9.835504e-01	2.826835e-01	-3.890899e-01	1.607530e+00	1.540502e-01	9.210101e-02	-2.177605e-01	7.036550e-01
6.127664e-01	6.387952e-01	2.266191e-02	1.530501e-01	7.000066e-01	1.210406e+00	5.057277e-01	8.735611e-01	2.296872e-01	2.566701e-01
1.474872e-01	7.101035e-01	5.975336e-01	7.332151e-01	8.211733e-01	3.698836e-01	2.671101e-01	4.395106e-01	5.896019e-01	-1.660650e-01
4.065473e-01	1.209412e-01	1.707435e-02	1.155762e-01	-6.978304e-02	1.951481e-01	9.611363e-01	5.405990e-01	1.836122e-01	5.319882e-03
2.191040e-01	7.277575e-01	7.418992e-02	5.632793e-01	8.353183e-01	2.857787e-01	5.971326e-01	-2.009416e-01	7.139179e-01	8.074600e-01
1.135101e-01	2.379606e-01	5.285696e-02	5.293148e-01	5.183682e-01	2.454084e-01	-4.763751e-02	2.793065e-01	1.148792e-01	-2.182370e-01
6.380425e-01	2.409740e-01	5.622065e-01	2.274134e-01	4.538970e-01	9.051412e-01	9.706322e-01	-5.247048e-02	6.529222e-01	4.148659e-01
5.486706e-01	6.590914e-01	6.748168e-01	7.024059e-01	4.423530e-01	3.191825e-01	5.648857e-01	7.521325e-01	3.049136e-01	3.882759e-01
6.574245e-01	8.926536e-01	3.751118e-01	1.194060e+00	1.490247e-01	6.452020e-01	7.992574e-01	4.131956e-01	-1.198587e-01	7.568539e-02
-3.070018e-01	5.584454e-01	5.339459e-01	2.092651e-01	2.157218e-01	4.965316e-02	1.594379e-01	3.906414e-02	6.034072e-02	7.557276e-02
-1.665073e-01	7.810457e-01	6.592370e-01	5.509753e-01	8.928609e-01	8.074580e-01	3.008828e-01	4.076826e-01	-1.198705e-01	-4.525919e-01
4.021776e-01	2.136284e-01	1.017938e-01	7.054230e-01	1.285769e-01	-5.997883e-01	3.252325e-01	8.271907e-01	7.195198e-01	4.727712e-01
9.222397e-01	1.757058e-01	5.720937e-01	1.463811e-01	3.446561e-01	6.461443e-01	4.661493e-02	1.044014e-02	4.186056e-01	1.234622e+00
2.244839e-01	6.431415e-01	4.075488e-01	-6.373984e-02	-8.101454e-02	3.294323e-01	1.757857e-01	1.354467e-01	3.896311e-01	5.392836e-01
3.832719e-01	5.432575e-01	3.293599e-01	4.885024e-01	3.500330e-01	3.232398e-01	1.241306e-01	-1.387835e-01	3.604967e-01	2.814019e-01
-2.580491e-02	3.920498e-02	1.994889e-02	2.070487e-02	-9.312198e-02	-3.740033e-02	-1.426161e-01	2.476624e-02	5.554060e-02	9.894097e-02
5.075033e-01	3.914411e-01	9.113725e-01	1.147760e+00	2.441988e-01	1.033163e+00	3.087467e-01	1.139104e+00	1.167368e+00	2.812762e-01
6.315092e-01	-6.616138e-01	9.072158e-01	7.219269e-01	-2.429143e-01	1.123511e+00	4.973216e-01	-4.382448e-01	5.983570e-01	-2.599767e-01
1.764648e-01	6.962956e-01	1.383096e+00	2.311675e-01	1.445552e-01	5.571667e-02	3.831438e-01	3.231003e-01	7.465481e-01	4.772297e-01
-2.245710e-01	9.256639e-02	2.531588e-01	2.859652e-01	1.181341e-01	3.247569e-01	-5.115516e-01	1.506371e-01	4.151705e-01	-2.467468e-01
4.139132e-01	2.028794e-01	4.044148e-01	3.485924e-01	1.517198e-02	7.237071e-01	8.895791e-01	4.271393e-01	7.521930e-01	3.397913e-01
4.018023e-01	1.046840e+00	1.244605e+00	-1.343143e-01	5.128454e-01	2.594139e-01	4.288504e-02	3.840472e-01	2.927883e-01	3.185442e-01
9.996203e-01	5.120724e-01	5.478276e-01	8.663462e-01	6.923490e-01	5.537758e-01	1.488524e-01	1.191836e-01	4.863186e-01	1.218315e-02
1.482729e-01	-1.323900e-01	4.422677e-02	6.817657e-02	1.452941e-01	4.711812e-01	-1.157250e-01	2.125509e-01	1.630741e-01	1.237198e-01
1.362769e-01	8.408449e-02	7.104297e-01	-9.372390e-03	5.403799e-01	1.294307e+00	5.499104e-02	7.020245e-01	1.412173e-01	5.134082e-01
1.271275e-02	2.452774e-02	8.532928e-01	3.416842e-01	4.191408e-01	-9.770553e-02	-3.235498e-01	3.090342e-01	8.295574e-02	3.437722e-01
7.790905e-01	4.717113e-01	1.144014e+00	8.085977e-01	2.215499e-01	3.832225e-02	-7.790988e-02	1.002625e+00	5.984949e-02	4.280898e-01
1.811323e-01	4.623315e-01	7.469877e-01	3.506140e-01	7.019884e-01	4.838232e-01	1.255567e-01	3.145041e-01	9.413876e-01	2.926736e-01
5.358603e-01	9.316885e-01	8.413003e-01	6.389808e-01	2.329380e-02	7.693331e-01	1.692777e-01	4.896731e-01	3.632669e-01	3.367838e-01
2.070904e-01	6.671525e-01	9.062441e-02	4.210274e-01	4.030209e-01	3.555357e-01	3.642237e-01	3.106343e-01	1.200459e-01	6.164711e-01
4.983500e-01	3.140747e-01	1.105506e+00	2.083197e-01	-2.210393e-01	1.846561e+00	6.912413e-01	-6.449079e-01	4.417901e-01	5.536796e-01
2.997460e-01	5.594624e-01	1.296203e-01	1.313305e+00	5.409088e-01	-4.771971e-02	-7.199766e-01	-9.525476e-02	2.462723e-01	4.209097e-01
3.165895e-01	1.953677e-01	1.108663e+00	2.309877e-01	7.691593e-01	4.706479e-01	9.784150e-01	8.556322e-01	-1.081590e-01	3.378358e-01
-2.246351e-02	3.493504e-02	8.686530e-02	-3.480359e-02	-1.008753e-01	-8.483953e-03	-2.913061e-02	9.422285e-03	-7.257532e-03	9.184083e-02
9.742509e-01	7.820980e-01	9.365414e-01	2.182093e-02	7.155567e-01	6.180814e-01	5.398206e-01	-1.257654e-01	-1.105657e-01	6.129915e-01
2.993980e-01	-1.679706e-01	-1.712956e-01	2.125482e-02	-1.827482e-01	3.276605e-01	5.530882e-01	4.082571e-01	3.266132e-01	1.437360e-02
