46 1 73 0.836963
7 1 53 0.688271
49 61 29 0.198915
51 13 75 0.868963
38 51 11 0.576256
89 4 49 0.714153
73 73 59 0.532489
41 50 51 0.047123
63 43 1 0.732901
26 37 47 0.553793
21 1 53 0.880605
1 15 19 0.146159
1 25 44 0.912603
11 81 97 0.869359
26 21 89 0.462721
41 91 31 0.937892
61 27 87 0.634854
1 61 33 0.153404
61 11 55 0.621095
69 41 39 0.818819
93 56 39 0.363650
43 3 14 0.151416
49 94 32 0.253565
85 88 77 0.210941
69 90 17 0.889480
77 89 29 0.619462
98 20 51 0.346575
11 64 31 0.078693
77 75 48 0.476069
93 74 88 0.308406
56 99 1 0.147830
45 25 71 0.761725
30 6 53 0.938094
49 95 1 0.251316
46 57 95 0.495407
9 5 97 0.768510
51 1 97 0.934829
47 91 56 0.835232
53 42 85 0.560727
95 97 61 0.811539
71 17 82 0.912512
76 6 51 0.300524
17 45 66 0.231138
44 76 1 0.943738
11 81 82 0.023094
53 89 1 0.999184
87 21 61 0.277238
92 55 91 0.397282
41 51 37 0.455003
45 69 13 0.857893
1 16 75 0.551953
55 73 13 0.919180
86 56 1 0.156528
68 31 66 0.095240
93 33 97 0.578396
41 29 49 0.405389
61 76 61 0.890753
20 1 43 0.764284
7 41 59 0.166766
85 33 51 0.961851
51 39 46 0.544001
71 45 25 0.990663
94 85 95 0.221689
65 86 33 0.444408
1 26 83 0.747349
25 88 56 0.831453
1 16 12 0.034493
17 81 1 0.472157
96 17 21 0.097486
76 49 74 0.651324
21 24 69 0.902420
3 53 61 0.037032
41 1 81 0.669318
59 39 69 0.642853
36 81 87 0.555578
75 53 19 0.757645
39 21 73 0.090244
21 96 66 0.480046
41 36 7 0.495934
46 77 76 0.276432
6 55 77 0.006408
31 41 11 0.404994
4 85 91 0.393173
77 75 82 0.078829
13 1 32 0.411563
43 16 51 0.725029
45 81 25 0.216941
86 34 23 0.582763
71 30 53 0.096573
8 3 13 0.856633
27 76 33 0.741345
85 1 12 0.519399
37 23 23 0.226802
96 1 45 0.733452
56 6 41 0.974011
73 5 59 0.413894
69 87 18 0.822520
56 26 41 0.856526
91 63 23 0.363742
56 41 36 0.745007
68 67 18 0.763049
26 83 49 0.310159
21 78 81 0.850956
69 50 14 0.503905
33 59 86 0.574560
22 59 35 0.675153
81 1 58 0.334470
46 64 93 0.284881
58 26 37 0.026912
63 9 49 0.771107
74 96 66 0.188892
57 1 76 0.714511
57 99 17 0.129248
98 71 46 0.701607
57 1 48 0.917788
41 85 97 0.728712
66 86 57 0.235505
81 41 1 0.638914
9 16 49 0.335049
23 97 85 0.478798
73 97 47 0.207180
95 11 11 0.414220
79 47 83 0.253821
61 16 69 0.629901
99 1 36 0.481940
75 40 26 0.580678
1 45 1 0.474091
73 45 26 0.573030
71 73 51 0.648250
49 45 19 0.364981
75 21 75 0.804727
43 81 39 0.489105
25 65 85 0.276050
5 61 21 0.461876
31 33 77 0.493881
29 58 17 0.905695
31 41 21 0.877301
57 81 41 0.623575
25 53 73 0.756938
21 20 1 0.419382
1 31 1 0.442256
75 25 69 0.239697
33 77 89 0.003303
67 21 56 0.065651
89 81 91 0.274770
66 67 77 0.025339
5 81 16 0.503884
41 81 1 0.950911
69 93 6 0.470946
51 73 7 0.941669
93 91 95 0.957244
87 30 76 0.243027
45 6 63 0.287004
51 19 37 0.804174
10 41 91 0.568092
41 52 45 0.355042
24 81 26 0.977412
67 4 36 0.937469
29 77 33 0.017866
79 1 19 0.976132
31 81 93 0.311156
95 17 28 0.005758
26 16 8 0.780641
71 26 87 0.984697
26 25 96 0.161482
25 43 7 0.836912
53 44 85 0.281373
100 9 55 0.136715
74 87 16 0.502119
33 17 71 0.869415
43 61 1 0.308868
77 26 86 0.676824
23 11 53 0.998336
83 40 81 0.813070
9 73 1 0.729174
45 37 61 0.602636
33 74 62 0.991765
82 74 2 0.882343
69 45 21 0.948434
9 13 51 0.072559
43 15 81 0.582754
13 13 21 0.018443
97 93 51 0.980836
96 13 57 0.379344
31 54 85 0.478136
29 37 62 0.677582
36 8 89 0.883083
97 2 37 0.447008
9 17 17 0.775769
72 31 22 0.388709
65 89 46 0.147286
77 46 41 0.000106
17 11 50 0.980378
53 62 71 0.879181
47 65 71 0.882226
6 65 11 0.201153
19 8 13 0.354162
51 69 74 0.738513
21 92 44 0.935515
3 46 45 0.956654
36 24 1 0.506670
83 66 36 0.771451
59 71 26 0.708291
5 77 87 0.638960
25 3 86 0.100826
2 31 57 0.812307
85 15 14 0.285514
97 17 3 0.661978
53 97 29 0.338072
50 61 41 0.281301
89 65 46 0.383632
21 61 77 0.613685
11 94 16 0.711629
13 2 81 0.132692
1 55 83 0.699566
1 21 1 0.821052
4 41 87 0.870341
51 37 95 0.354823
75 81 97 0.536846
19 16 97 0.289423
71 31 43 0.674275
13 17 13 0.241936
79 91 96 0.954923
74 84 69 0.171870
55 41 54 0.037766
36 15 11 0.128774
95 85 71 0.404031
67 91 49 0.792571
65 81 17 0.960504
2 33 33 0.163518
85 91 41 0.620262
43 66 73 0.065539
26 62 16 0.573562
28 49 18 0.539431
47 7 51 0.249630
5 3 29 0.563254
35 37 29 0.842838
76 71 43 0.949860
64 26 31 0.011142
61 41 31 0.546406
24 72 83 0.796043
85 81 65 0.901828
77 98 33 0.059870
21 13 87 0.643938
41 85 96 0.806242
5 53 93 0.741245
35 47 19 0.787245
49 57 73 0.153804
17 41 49 0.356966
55 91 76 0.592509
87 76 89 0.280155
95 7 1 0.400801
57 63 86 0.422050
24 60 41 0.983807
1 51 59 0.934414
83 13 46 0.018855
19 21 81 0.108060
76 26 51 0.901167
9 51 61 0.796061
56 77 85 0.313739
44 61 37 0.624658
1 9 86 0.470912
31 21 30 0.266354
77 48 37 0.146757
1 63 54 0.247252
44 55 3 0.405395
10 56 45 0.060855
16 31 15 0.500898
99 29 98 0.626139
45 51 1 0.114936
15 91 69 0.088538
65 1 1 0.964580
40 23 1 0.349168
95 21 33 0.128453
89 29 91 0.330943
94 79 1 0.737603
21 61 21 0.017816
93 69 48 0.784244
73 80 88 0.481246
89 37 34 0.708325
89 45 33 0.171481
25 10 81 0.647823
76 32 61 0.916955
43 69 1 0.493683
49 61 55 0.227759
41 73 41 0.564539
81 35 57 0.530273
25 45 21 0.610964
91 36 93 0.797884
73 63 1 0.675482
81 1 14 0.377861
42 17 37 0.342097
9 19 92 0.898260
38 3 67 0.324105
1 1 63 0.502880
21 41 50 0.854568
81 99 77 0.937592
40 23 93 0.851115
86 26 77 0.892394
87 16 73 0.398861
61 50 5 0.220860
29 40 53 0.511921
76 1 85 0.230165
1 97 29 0.619976
34 17 21 0.899099
57 91 91 0.777803
23 77 94 0.778315
29 1 95 0.500728
97 86 27 0.394528
35 21 63 0.991327
21 33 51 0.094293
41 59 33 0.102466
43 21 21 0.103704
49 91 50 0.774484
61 61 70 0.451561
51 37 33 0.968708
57 61 43 0.853013
89 25 1 0.481564
71 99 56 0.812133
49 14 41 0.837728
56 9 1 0.678784
29 29 93 0.888317
59 47 91 0.695263
67 70 17 0.204064
81 41 71 0.475210
97 97 85 0.987384
1 75 29 0.188903
75 91 81 0.942780
41 85 1 0.890225
1 51 39 0.063622
64 97 93 0.708575
69 1 72 0.755899
51 34 91 0.366021
77 83 57 0.519252
33 33 16 0.142802
54 69 61 0.028493
77 63 93 0.626732
21 77 23 0.749797
17 1 97 0.141726
41 20 23 0.307149
52 55 13 0.895699
95 94 78 0.277220
49 51 76 0.995720
61 17 97 0.088787
77 44 54 0.015382
61 70 41 0.135360
49 35 1 0.409090
2 36 85 0.999209
13 49 91 0.657073
30 30 25 0.799474
65 59 49 0.589110
9 26 43 0.020787
12 36 25 0.121400
85 1 25 0.218966
1 17 83 0.304629
11 89 78 0.722250
86 17 69 0.940474
61 56 37 0.977641
73 45 32 0.541310
93 3 51 0.090376
93 6 90 0.183777
55 31 50 0.897788
66 17 55 0.067971
33 45 67 0.415226
41 1 86 0.648184
45 5 1 0.236343
26 1 27 0.958016
85 27 57 0.150758
79 79 75 0.229590
55 65 50 0.784844
54 13 89 0.873565
9 25 1 0.593672
89 77 9 0.187708
81 21 11 0.845601
57 33 61 0.330397
55 1 40 0.919770
13 69 93 0.272680
77 21 1 0.818598
47 17 4 0.249419
69 53 2 0.783496
33 41 73 0.776810
1 69 61 0.905623
89 33 89 0.472869
1 97 1 0.913586
66 65 41 0.050974
81 50 47 0.783638
3 37 33 0.842911
80 88 51 0.659160
41 14 90 0.604489
4 5 95 0.664871
23 96 16 0.641029
6 49 17 0.930373
32 22 21 0.449306
67 1 55 0.884128
1 51 25 0.281753
48 77 1 0.680519
73 77 24 0.830254
5 47 1 0.761445
18 51 43 0.054985
1 11 51 0.911920
19 41 85 0.931400
80 51 25 0.965284
29 45 51 0.744961
37 71 1 0.529272
99 19 1 0.153782
37 4 75 0.991128
11 66 51 0.426795
41 77 69 0.772538
39 65 57 0.567785
21 51 93 0.354191
1 65 49 0.029918
21 31 31 0.816154
61 21 39 0.511499
71 59 1 0.282328
81 77 51 0.139516
42 51 81 0.091123
46 41 61 0.015320
67 71 49 0.556646
26 81 92 0.931875
25 1 26 0.685619
69 7 51 0.289517
1 21 1 0.316177
63 73 41 0.870381
97 73 81 0.213550
22 53 87 0.712979
1 49 5 0.619098
11 22 75 0.709350
11 86 51 0.415730
77 50 38 0.132194
97 27 12 0.533980
99 41 69 0.903389
5 25 31 0.572937
22 74 77 0.212657
82 1 33 0.006340
4 33 33 0.229830
49 41 21 0.649634
81 2 91 0.693400
79 1 66 0.094937
6 21 45 0.260633
85 13 5 0.515427
81 81 30 0.107557
11 32 26 0.707113
45 24 61 0.971368
1 33 93 0.706790
77 77 95 0.681100
57 87 85 0.008741
9 61 35 0.935474
1 16 49 0.079668
61 61 21 0.634357
32 29 53 0.791903
77 51 66 0.551983
51 90 5 0.429193
29 81 51 0.110616
61 53 27 0.472233
77 41 85 0.761953
16 68 33 0.991858
21 31 51 0.760977
13 55 59 0.250319
81 51 6 0.515440
99 77 85 0.641992
93 1 47 0.812844
21 73 45 0.165704
7 36 41 0.068417
11 71 45 0.828785
91 94 91 0.377628
46 69 67 0.191476
10 81 1 0.062085
59 45 23 0.871522
81 81 80 0.081121
18 54 51 0.058143
61 64 43 0.027609
1 41 8 0.496765
1 21 89 0.565804
55 100 11 0.719024
27 75 33 0.464165
49 76 86 0.592127
99 3 11 0.176753
93 40 73 0.196569
89 65 68 0.761665
37 49 21 0.896650
91 73 89 0.306266
71 81 19 0.868082
34 9 72 0.838363
7 95 23 0.988841
93 27 87 0.784494
33 29 10 0.863577
1 56 46 0.480367
45 35 43 0.663645
28 17 17 0.700209
41 41 33 0.854112
24 44 57 0.271826
61 17 81 0.772552
77 1 22 0.901694
75 53 65 0.226863
1 37 45 0.652407
47 73 37 0.010563
40 1 71 0.301557
96 51 87 0.646680
43 18 95 0.130696
65 91 1 0.247962
39 53 85 0.998413
61 82 84 0.833172
53 33 37 0.853819
73 69 1 0.244144
76 2 66 0.567896
98 54 51 0.197456
97 1 81 0.102950
63 11 64 0.751069
91 17 70 0.852309
93 44 17 0.890399
8 3 79 0.831397
30 53 24 0.410138
81 17 60 0.192662
57 63 81 0.800160
37 11 25 0.700971
41 1 37 0.205101
26 46 91 0.580817
41 79 6 0.224441
53 17 73 0.365562
77 5 7 0.993496
61 61 66 0.618338
81 13 63 0.801907
7 78 1 0.928268
63 21 77 0.416379
17 93 11 0.501497
50 40 23 0.407206
1 45 41 0.193571
46 41 25 0.817250
38 24 49 0.528827
76 45 19 0.270486
13 5 41 0.858141
38 81 31 0.968325
83 81 81 0.735755
89 51 91 0.069199
8 21 78 0.498486
81 80 58 0.519350
71 61 73 0.669734
21 76 1 0.497603
35 10 53 0.734683
48 69 46 0.517697
11 42 30 0.185962
75 91 61 0.924375
86 5 54 0.374278
96 1 35 0.629769
33 84 1 0.791311
2 7 99 0.548687
6 21 50 0.558686
21 79 89 0.858450
1 29 41 0.747083
53 79 14 0.017325
13 13 76 0.277518
79 70 93 0.617758
51 21 27 0.440646
1 81 51 0.513294
13 9 41 0.620669
76 13 81 0.891243
51 36 89 0.680021
91 5 9 0.778116
92 61 67 0.906188
83 5 67 0.401338
85 64 58 0.496716
95 61 65 0.508407
31 23 11 0.176035
57 73 7 0.683281
61 88 16 0.509113
25 81 1 0.321686
52 18 41 0.244413
51 44 81 0.426051
81 61 77 0.283297
46 1 31 0.030231
61 93 7 0.405694
43 83 5 0.915330
79 95 10 0.286944
80 77 47 0.366312
86 20 79 0.098777
61 6 53 0.421633
69 47 39 0.810775
29 33 61 0.484498
12 78 93 0.636554
48 88 66 0.084671
57 41 33 0.687597
23 89 49 0.215402
57 39 17 0.369217
67 93 52 0.755024
77 75 1 0.253172
67 51 31 0.313864
71 61 27 0.199854
1 57 97 0.899473
78 86 35 0.967496
81 42 46 0.079570
14 85 94 0.887799
71 25 65 0.609154
69 1 37 0.973460
61 62 51 0.183385
71 52 79 0.369164
57 61 90 0.023587
75 96 59 0.053868
24 57 1 0.141234
5 95 59 0.253572
61 27 81 0.430597
36 76 77 0.389077
31 51 40 0.863727
26 67 61 0.940192
89 49 21 0.334083
37 65 83 0.754878
56 49 64 0.843685
35 64 39 0.515381
97 29 16 0.483645
65 81 9 0.642569
11 1 57 0.833428
43 47 91 0.269491
84 75 55 0.831005
43 41 50 0.322569
10 81 7 0.828906
7 1 65 0.972304
86 41 21 0.644355
53 63 7 0.275843
1 57 66 0.630360
13 66 75 0.040657
94 51 61 0.979140
57 48 1 0.023265
17 76 25 0.248101
91 11 37 0.378059
22 89 45 0.159919
69 85 91 0.076874
25 4 45 0.439758
69 1 36 0.611658
67 71 53 0.442121
77 57 5 0.500413
41 95 31 0.232608
15 1 51 0.686851
22 17 25 0.638705
61 17 81 0.866842
97 51 75 0.568499
5 1 42 0.084897
91 37 28 0.479689
57 61 13 0.262493
50 7 89 0.212929
87 97 11 0.934365
95 6 29 0.037183
20 53 27 0.025561
93 87 78 0.522019
96 73 14 0.782629
19 41 71 0.013775
56 41 89 0.935341
93 49 2 0.749968
17 11 97 0.033055
91 11 21 0.533601
31 60 61 0.516332
1 77 16 0.676180
29 61 95 0.937762
76 8 23 0.197283
43 61 91 0.449509
75 26 9 0.362054
52 25 18 0.979847
45 57 56 0.571329
21 9 89 0.574320
1 2 17 0.535576
95 57 52 0.927977
49 11 75 0.276084
6 1 69 0.472895
91 91 1 0.931648
8 35 36 0.353852
93 88 27 0.982460
1 81 53 0.220393
17 77 83 0.465743
1 51 78 0.523131
91 5 1 0.479406
9 13 79 0.188946
37 37 77 0.710864
81 1 66 0.395023
85 51 91 0.912434
1 79 65 0.924292
83 24 84 0.968712
33 85 97 0.451295
17 39 54 0.517038
1 41 13 0.164565
65 91 81 0.240432
62 26 94 0.933110
87 15 34 0.591148
25 63 65 0.315899
97 9 4 0.366302
10 21 11 0.531165
51 1 67 0.605371
83 1 35 0.249210
47 60 29 0.582112
81 49 16 0.451164
21 42 33 0.392523
69 16 56 0.818160
81 13 57 0.776445
21 31 89 0.296568
29 85 56 0.290017
45 6 93 0.983590
56 86 1 0.374594
1 12 13 0.036390
41 51 37 0.713516
69 51 51 0.054481
83 99 69 0.601909
41 73 81 0.589015
18 67 46 0.014655
10 21 76 0.264805
55 45 93 0.602575
89 39 9 0.971700
51 21 67 0.369659
13 37 58 0.575960
55 89 19 0.167137
7 25 72 0.712816
66 49 77 0.244236
10 25 11 0.340480
48 2 1 0.663271
81 67 40 0.334959
51 32 73 0.507328
45 73 24 0.411304
37 11 40 0.536800
71 1 5 0.909170
40 27 49 0.696546
53 29 96 0.730182
45 50 89 0.139397
25 48 97 0.234251
77 1 44 0.033544
7 40 36 0.804281
23 49 5 0.511285
48 56 51 0.641959
1 93 61 0.554197
65 76 81 0.066174
76 23 81 0.611644
43 22 10 0.300159
69 4 44 0.345683
56 46 75 0.450279
49 85 26 0.617741
41 21 1 0.796316
79 61 67 0.202016
11 1 48 0.004360
93 100 92 0.393869
9 19 23 0.546303
2 5 28 0.848871
17 68 51 0.419289
21 75 87 0.241306
17 21 91 0.516277
94 41 73 0.925009
73 73 21 0.621677
56 1 47 0.655588
61 38 33 0.692828
29 84 1 0.136571
74 92 6 0.894018
43 89 18 0.185828
72 85 61 0.176885
71 53 23 0.712965
89 64 69 0.811630
35 45 51 0.891468
19 1 59 0.047462
25 57 51 0.676010
10 61 76 0.956078
41 41 82 0.491045
41 27 71 0.836869
97 23 89 0.155322
85 64 66 0.232057
39 26 61 0.549081
61 31 13 0.601041
87 33 35 0.303988
85 49 17 0.599010
51 51 59 0.358011
43 67 81 0.890512
33 88 4 0.993299
8 51 59 0.069230
69 85 83 0.233794
99 2 9 0.189032
39 10 40 0.550664
21 41 69 0.391342
5 100 1 0.076693
26 31 56 0.837407
7 37 7 0.963901
43 65 61 0.313119
31 21 63 0.115938
44 87 65 0.077224
31 53 13 0.246732
19 73 69 0.048747
47 25 73 0.196455
21 65 100 0.669830
55 61 1 0.224516
29 51 65 0.191242
71 47 60 0.107382
21 4 71 0.379283
33 12 6 0.387666
29 29 53 0.637154
87 29 41 0.360064
4 3 23 0.292951
32 26 25 0.534617
1 81 45 0.944208
9 80 86 0.830738
58 75 29 0.156301
88 55 53 0.387464
41 66 5 0.145090
57 55 41 0.118067
28 43 17 0.854314
73 21 44 0.918503
15 37 7 0.334237
37 1 79 0.491927
57 32 48 0.763412
37 35 35 0.778951
64 1 33 0.138352
1 53 23 0.998528
77 25 96 0.030975
73 61 31 0.543003
47 17 29 0.345666
1 33 1 0.770259
89 1 45 0.516388
23 15 1 0.226219
21 85 1 0.808078
26 3 61 0.613181
49 54 16 0.259191
17 33 97 0.389275
57 19 11 0.397198
96 27 49 0.857052
17 93 47 0.053482
23 75 71 0.146850
53 86 46 0.145327
25 82 63 0.843152
41 45 81 0.426177
86 23 77 0.814792
29 50 52 0.614553
81 5 11 0.569404
2 21 57 0.115229
89 80 29 0.744173
69 71 51 0.420618
73 51 61 0.215518
49 79 45 0.848067
17 13 24 0.520701
21 61 72 0.022757
28 100 27 0.372321
71 36 1 0.935474
57 5 55 0.388734
41 24 71 0.612702
11 23 11 0.168518
97 45 56 0.620037
6 69 23 0.544170
37 1 51 0.800699
38 77 56 0.380830
66 40 29 0.798781
51 31 53 0.438846
41 16 81 0.170173
96 77 59 0.082659
71 40 21 0.209882
68 51 25 0.480040
37 72 41 0.578279
6 11 57 0.702613
21 71 21 0.287769
56 58 53 0.105408
57 29 76 0.562850
24 51 36 0.016423
31 51 1 0.291800
2 53 41 0.690247
57 73 66 0.794481
45 13 45 0.068974
16 46 1 0.466980
14 41 9 0.305475
37 51 67 0.521549
14 97 38 0.273071
82 19 5 0.181179
21 51 7 0.224941
71 37 1 0.134657
22 81 51 0.045730
41 11 82 0.762813
22 38 61 0.200345
65 9 61 0.142097
51 47 1 0.741558
93 71 3 0.734753
91 49 21 0.679576
96 19 54 0.499357
20 21 93 0.747578
73 33 24 0.668705
76 75 70 0.420848
49 85 81 0.216207
62 67 95 0.868653
81 21 45 0.662758
6 91 5 0.865262
53 81 65 0.098458
83 45 65 0.950159
6 43 33 0.319405
43 71 66 0.861516
31 91 7 0.518650
29 46 69 0.781738
97 68 43 0.105714
93 11 26 0.472199
41 85 21 0.735097
26 7 2 0.134799
61 49 25 0.275454
96 54 79 0.926189
78 44 8 0.294273
77 96 69 0.274840
44 26 96 0.235720
29 13 16 0.960718
80 57 73 0.229122
77 52 13 0.708486
26 1 45 0.592632
57 93 97 0.502799
51 99 97 0.295861
7 19 47 0.239989
70 65 71 0.153831
11 30 55 0.041015
80 1 57 0.831326
56 76 80 0.608790
81 45 85 0.248791
65 32 33 0.538927
66 65 61 0.440568
55 81 9 0.780571
55 99 19 0.238622
96 41 21 0.957813
21 30 66 0.751405
38 1 77 0.046870
81 47 73 0.431595
76 1 87 0.511715
17 65 85 0.989067
1 62 92 0.436771
69 73 59 0.697958
97 62 96 0.558965
57 78 9 0.801010
20 36 79 0.192711
17 81 5 0.763004
81 63 41 0.131496
29 71 94 0.136033
99 6 57 0.386247
99 5 45 0.517800
17 94 1 0.990568
17 17 13 0.040861
96 31 67 0.867599
31 81 21 0.190173
51 46 72 0.097890
8 8 75 0.439213
94 21 61 0.278649
11 19 76 0.194681
51 97 31 0.929418
97 81 77 0.551954
19 85 1 0.516020
50 1 38 0.572369
71 3 86 0.751813
1 1 13 0.230514
6 12 41 0.673839
65 45 71 0.863779
61 53 55 0.005008
79 82 13 0.173410
93 41 51 0.078124
11 23 61 0.067416
1 21 97 0.633436
63 37 21 0.647038
29 9 47 0.516305
48 11 36 0.693725
41 87 85 0.003849
1 35 15 0.143238
33 13 39 0.532990
89 19 85 0.507327
61 9 81 0.346008
22 11 37 0.743869
51 71 81 0.981642
36 6 95 0.357429
73 84 68 0.178037
46 61 17 0.528243
25 35 43 0.641471
5 76 47 0.418359
81 61 99 0.602674
59 96 61 0.552176
36 53 95 0.554796
33 65 41 0.717357
68 6 2 0.337949
25 93 46 0.258396
45 11 96 0.223262
71 21 15 0.629466
1 93 77 0.297670
61 61 49 0.652952
31 1 9 0.606888
88 25 11 0.180929
36 49 54 0.292019
56 16 4 0.514426
73 61 48 0.381638
89 63 87 0.724060
71 71 25 0.597010
56 19 49 0.049396
23 3 21 0.710442
94 15 51 0.978680
41 76 86 0.175785
76 61 95 0.233946
6 12 36 0.780288
70 17 71 0.982313
25 33 47 0.317074
83 19 97 0.945683
49 85 51 0.752603
19 81 79 0.217553
21 17 1 0.298604
71 61 99 0.945859
25 1 11 0.979287
9 65 91 0.544995
95 89 79 0.285181
71 21 21 0.718632
11 69 67 0.215462
68 27 67 0.635821
41 69 33 0.747942
77 61 7 0.536553
10 71 21 0.755368
57 86 41 0.143967
97 1 76 0.008277
